0.000000000000 0.000000000000 0.000000000000 0.000000000000 -0.000129095686 0.000000000000 
0.000000000000 0.000000000000 0.000051625539 0.000000000000 -0.000129031978 -0.000000000000 
0.000000000000 0.000000000000 0.000103200131 0.000000000000 -0.000128840940 -0.000000000000 
0.000000000000 0.000000000000 0.000154672874 0.000000000000 -0.000128522748 0.000000000000 
0.000000000000 0.000000000000 0.000205992983 0.000000000000 -0.000128077721 0.000000000000 
0.000000000000 0.000000000000 0.000257109787 0.000000000000 -0.000127506297 -0.000000000000 
0.000000000000 0.000000000000 0.000307972863 0.000000000000 -0.000126809042 -0.000000000000 
0.000000000000 0.000000000000 0.000358532008 0.000000000000 -0.000125986640 0.000000000000 
0.000000000000 0.000000000000 0.000408737338 -0.000000000000 -0.000125039907 0.000000000000 
0.000000000000 0.000000000000 0.000458539260 0.000000000000 -0.000123969759 -0.000000000000 
0.000000000000 0.000000000000 0.000507888675 0.000000000000 -0.000122777288 0.000000000000 
0.000000000000 0.000000000000 0.000556736893 0.000000000000 -0.000121463643 0.000000000000 
0.000000000000 0.000000000000 0.000605035631 0.000000000000 -0.000120030127 0.000000000000 
0.000000000000 0.000000000000 0.000652737333 0.000000000000 -0.000118478158 0.000000000000 
0.000000000000 0.000000000000 0.000699794793 0.000000000000 -0.000116809264 -0.000000000000 
0.000000000000 0.000000000000 0.000746161677 0.000000000000 -0.000115025090 0.000000000000 
0.000000000000 0.000000000000 0.000791792176 0.000000000000 -0.000113127404 -0.000000000000 
0.000000000000 0.000000000000 0.000836641295 0.000000000000 -0.000111118075 0.000000000000 
0.000000000000 0.000000000000 0.000880664738 0.000000000000 -0.000108999084 0.000000000000 
0.000000000000 0.000000000000 0.000923819083 0.000000000000 -0.000106772532 0.000000000000 
0.000000000000 0.000000000000 0.000966061663 0.000000000000 -0.000104440602 0.000000000000 
0.000000000000 0.000000000000 0.001007350977 0.000000000000 -0.000102005601 0.000000000000 
0.000000000000 0.000000000000 0.001047646045 0.000000000000 -0.000099469929 -0.000000000000 
0.000000000000 0.000000000000 0.001086907228 0.000000000000 -0.000096836098 0.000000000000 
0.000000000000 0.000000000000 0.001125095878 0.000000000000 -0.000094106697 -0.000000000000 
0.000000000000 0.000000000000 0.001162174041 -0.000000000000 -0.000091284433 0.000000000000 
0.000000000000 0.000000000000 0.001198105398 -0.000000000000 -0.000088372071 0.000000000000 
0.000000000000 0.000000000000 0.001232854323 -0.000000000000 -0.000085372507 0.000000000000 
0.000000000000 0.000000000000 0.001266386476 -0.000000000000 -0.000082288680 -0.000000000000 
0.000000000000 0.000000000000 0.001298669027 -0.000000000000 -0.000079123653 0.000000000000 
0.000000000000 0.000000000000 0.001329669845 -0.000000000000 -0.000075880533 -0.000000000000 
0.000000000000 0.000000000000 0.001359358430 0.000000000000 -0.000072562536 0.000000000000 
0.000000000000 0.000000000000 0.001387705561 0.000000000000 -0.000069172922 -0.000000000000 
0.000000000000 0.000000000000 0.001414683182 -0.000000000000 -0.000065715045 0.000000000000 
0.000000000000 0.000000000000 0.001440264634 -0.000000000000 -0.000062192317 0.000000000000 
0.000000000000 0.000000000000 0.001464424771 0.000000000000 -0.000058608213 0.000000000000 
0.000000000000 0.000000000000 0.001487139612 0.000000000000 -0.000054966265 0.000000000000 
0.000000000000 0.000000000000 0.001508386922 0.000000000000 -0.000051270075 0.000000000000 
0.000000000000 0.000000000000 0.001528145629 0.000000000000 -0.000047523288 0.000000000000 
0.000000000000 0.000000000000 0.001546396175 0.000000000000 -0.000043729600 0.000000000000 
0.000000000000 0.000000000000 0.001563120633 0.000000000000 -0.000039892759 -0.000000000000 
0.000000000000 0.000000000000 0.001578302472 0.000000000000 -0.000036016547 -0.000000000000 
0.000000000000 0.000000000000 0.001591926790 0.000000000000 -0.000032104788 0.000000000000 
0.000000000000 0.000000000000 0.001603979967 0.000000000000 -0.000028161350 -0.000000000000 
0.000000000000 0.000000000000 0.001614450244 0.000000000000 -0.000024190118 0.000000000000 
0.000000000000 0.000000000000 0.001623327378 0.000000000000 -0.000020195013 -0.000000000000 
0.000000000000 0.000000000000 0.001630602288 0.000000000000 -0.000016179980 0.000000000000 
0.000000000000 0.000000000000 0.001636268105 0.000000000000 -0.000012148977 0.000000000000 
0.000000000000 0.000000000000 0.001640319126 0.000000000000 -0.000008105985 0.000000000000 
0.000000000000 0.000000000000 0.001642751275 0.000000000000 -0.000004054993 0.000000000000 
0.000000000000 0.000000000000 0.001643562340 -0.000000000000 -0.000000000000 0.000000000000 
0.000000000000 0.000000000000 0.001642751275 0.000000000000 0.000004054993 -0.000000000000 
0.000000000000 0.000000000000 0.001640319126 0.000000000000 0.000008105984 -0.000000000000 
0.000000000000 0.000000000000 0.001636268105 0.000000000000 0.000012148976 -0.000000000000 
0.000000000000 0.000000000000 0.001630602288 0.000000000000 0.000016179978 0.000000000000 
0.000000000000 0.000000000000 0.001623327378 0.000000000000 0.000020195013 0.000000000000 
0.000000000000 0.000000000000 0.001614450244 0.000000000000 0.000024190118 0.000000000000 
0.000000000000 0.000000000000 0.001603979967 0.000000000000 0.000028161348 0.000000000000 
0.000000000000 0.000000000000 0.001591926790 0.000000000000 0.000032104788 0.000000000000 
0.000000000000 0.000000000000 0.001578302472 0.000000000000 0.000036016547 -0.000000000000 
0.000000000000 0.000000000000 0.001563120633 0.000000000000 0.000039892759 -0.000000000000 
0.000000000000 0.000000000000 0.001546396175 0.000000000000 0.000043729600 0.000000000000 
0.000000000000 0.000000000000 0.001528145629 0.000000000000 0.000047523288 0.000000000000 
0.000000000000 0.000000000000 0.001508386922 0.000000000000 0.000051270075 0.000000000000 
0.000000000000 0.000000000000 0.001487139612 0.000000000000 0.000054966265 0.000000000000 
0.000000000000 0.000000000000 0.001464424771 0.000000000000 0.000058608210 0.000000000000 
0.000000000000 0.000000000000 0.001440264634 0.000000000000 0.000062192317 -0.000000000000 
0.000000000000 0.000000000000 0.001414683182 0.000000000000 0.000065715045 -0.000000000000 
0.000000000000 0.000000000000 0.001387705561 0.000000000000 0.000069172922 0.000000000000 
0.000000000000 0.000000000000 0.001359358430 -0.000000000000 0.000072562536 0.000000000000 
0.000000000000 0.000000000000 0.001329669845 -0.000000000000 0.000075880533 -0.000000000000 
0.000000000000 0.000000000000 0.001298669027 -0.000000000000 0.000079123653 -0.000000000000 
0.000000000000 0.000000000000 0.001266386476 -0.000000000000 0.000082288680 0.000000000000 
0.000000000000 0.000000000000 0.001232854323 -0.000000000000 0.000085372507 -0.000000000000 
0.000000000000 0.000000000000 0.001198105398 0.000000000000 0.000088372071 0.000000000000 
0.000000000000 0.000000000000 0.001162174041 -0.000000000000 0.000091284426 -0.000000000000 
0.000000000000 0.000000000000 0.001125095878 0.000000000000 0.000094106697 0.000000000000 
0.000000000000 0.000000000000 0.001086907228 0.000000000000 0.000096836098 0.000000000000 
0.000000000000 0.000000000000 0.001047646045 0.000000000000 0.000099469929 0.000000000000 
0.000000000000 0.000000000000 0.001007350977 0.000000000000 0.000102005601 0.000000000000 
0.000000000000 0.000000000000 0.000966061722 0.000000000000 0.000104440602 0.000000000000 
0.000000000000 0.000000000000 0.000923819083 0.000000000000 0.000106772532 0.000000000000 
0.000000000000 0.000000000000 0.000880664738 0.000000000000 0.000108999084 0.000000000000 
0.000000000000 0.000000000000 0.000836641295 0.000000000000 0.000111118075 -0.000000000000 
0.000000000000 0.000000000000 0.000791792176 0.000000000000 0.000113127404 0.000000000000 
0.000000000000 0.000000000000 0.000746161677 0.000000000000 0.000115025090 -0.000000000000 
0.000000000000 0.000000000000 0.000699794793 0.000000000000 0.000116809264 -0.000000000000 
0.000000000000 0.000000000000 0.000652737333 0.000000000000 0.000118478158 -0.000000000000 
0.000000000000 0.000000000000 0.000605035631 -0.000000000000 0.000120030127 0.000000000000 
0.000000000000 0.000000000000 0.000556736893 -0.000000000000 0.000121463643 -0.000000000000 
0.000000000000 0.000000000000 0.000507888675 -0.000000000000 0.000122777288 -0.000000000000 
0.000000000000 0.000000000000 0.000458539260 0.000000000000 0.000123969774 -0.000000000000 
0.000000000000 0.000000000000 0.000408737338 0.000000000000 0.000125039907 0.000000000000 
0.000000000000 0.000000000000 0.000358532008 0.000000000000 0.000125986640 0.000000000000 
0.000000000000 0.000000000000 0.000307972863 -0.000000000000 0.000126809042 -0.000000000000 
0.000000000000 0.000000000000 0.000257109787 -0.000000000000 0.000127506297 0.000000000000 
0.000000000000 0.000000000000 0.000205992983 0.000000000000 0.000128077721 -0.000000000000 
0.000000000000 0.000000000000 0.000154672874 0.000000000000 0.000128522748 0.000000000000 
0.000000000000 0.000000000000 0.000103200131 0.000000000000 0.000128840940 0.000000000000 
0.000000000000 0.000000000000 0.000051625542 -0.000000000000 0.000129031978 0.000000000000 
0.000000000000 0.000000000000 0.000000000000 0.000000000000 0.000129095686 0.000000000000 
0.000000000000 0.000000000000 0.000000000000 0.000000000000 0.000257118518 0.000000000000 
0.000000000000 0.000000000000 -0.000102745995 -0.000000000000 0.000256611151 0.000000000000 
0.000000000000 0.000000000000 -0.000205086501 0.000000000000 0.000255091058 0.000000000000 
0.000000000000 0.000000000000 -0.000306617614 0.000000000000 0.000252564234 -0.000000000000 
0.000000000000 0.000000000000 -0.000406938663 0.000000000000 0.000249040662 -0.000000000000 
0.000000000000 0.000000000000 -0.000505653676 0.000000000000 0.000244534225 0.000000000000 
0.000000000000 0.000000000000 -0.000602373155 0.000000000000 0.000239062734 0.000000000000 
0.000000000000 0.000000000000 -0.000696715317 0.000000000000 0.000232647784 0.000000000000 
0.000000000000 0.000000000000 -0.000788307865 0.000000000000 0.000225314667 -0.000000000000 
0.000000000000 0.000000000000 -0.000876789331 0.000000000000 0.000217092340 0.000000000000 
0.000000000000 0.000000000000 -0.000961810467 -0.000000000000 0.000208013240 0.000000000000 
0.000000000000 0.000000000000 -0.001043035765 -0.000000000000 0.000198113208 -0.000000000000 
0.000000000000 0.000000000000 -0.001120144734 -0.000000000000 0.000187431317 0.000000000000 
0.000000000000 0.000000000000 -0.001192833064 -0.000000000000 0.000176009722 -0.000000000000 
0.000000000000 0.000000000000 -0.001260813675 -0.000000000000 0.000163893506 0.000000000000 
0.000000000000 0.000000000000 -0.001323818578 0.000000000000 0.000151130458 -0.000000000000 
0.000000000000 0.000000000000 -0.001381598879 -0.000000000000 0.000137770985 0.000000000000 
0.000000000000 0.000000000000 -0.001433926634 -0.000000000000 0.000123867780 -0.000000000000 
0.000000000000 0.000000000000 -0.001480595442 -0.000000000000 0.000109475732 0.000000000000 
0.000000000000 0.000000000000 -0.001521420898 -0.000000000000 0.000094651637 -0.000000000000 
0.000000000000 0.000000000000 -0.001556242001 -0.000000000000 0.000079453988 -0.000000000000 
0.000000000000 0.000000000000 -0.001584921381 -0.000000000000 0.000063942774 -0.000000000000 
0.000000000000 0.000000000000 -0.001607345766 -0.000000000000 0.000048179205 0.000000000000 
0.000000000000 0.000000000000 -0.001623426797 -0.000000000000 0.000032225493 -0.000000000000 
0.000000000000 0.000000000000 -0.001633100794 -0.000000000000 0.000016144604 0.000000000000 
0.000000000000 0.000000000000 -0.001636329689 0.000000000000 0.000000000000 0.000000000000 
0.000000000000 0.000000000000 -0.001633100794 0.000000000000 -0.000016144604 -0.000000000000 
0.000000000000 0.000000000000 -0.001623426797 0.000000000000 -0.000032225493 -0.000000000000 
0.000000000000 0.000000000000 -0.001607345766 0.000000000000 -0.000048179201 0.000000000000 
0.000000000000 0.000000000000 -0.001584921381 0.000000000000 -0.000063942774 -0.000000000000 
0.000000000000 0.000000000000 -0.001556242001 0.000000000000 -0.000079453988 0.000000000000 
0.000000000000 0.000000000000 -0.001521420898 0.000000000000 -0.000094651630 -0.000000000000 
0.000000000000 0.000000000000 -0.001480595442 0.000000000000 -0.000109475732 0.000000000000 
0.000000000000 0.000000000000 -0.001433926634 0.000000000000 -0.000123867780 0.000000000000 
0.000000000000 0.000000000000 -0.001381598879 0.000000000000 -0.000137770985 -0.000000000000 
0.000000000000 0.000000000000 -0.001323818578 -0.000000000000 -0.000151130458 -0.000000000000 
0.000000000000 0.000000000000 -0.001260813675 -0.000000000000 -0.000163893506 -0.000000000000 
0.000000000000 0.000000000000 -0.001192833064 -0.000000000000 -0.000176009722 -0.000000000000 
0.000000000000 0.000000000000 -0.001120144734 -0.000000000000 -0.000187431317 -0.000000000000 
0.000000000000 0.000000000000 -0.001043035765 -0.000000000000 -0.000198113208 -0.000000000000 
0.000000000000 0.000000000000 -0.000961810467 -0.000000000000 -0.000208013240 0.000000000000 
0.000000000000 0.000000000000 -0.000876789331 -0.000000000000 -0.000217092325 0.000000000000 
0.000000000000 0.000000000000 -0.000788307865 -0.000000000000 -0.000225314667 0.000000000000 
0.000000000000 0.000000000000 -0.000696715317 -0.000000000000 -0.000232647784 -0.000000000000 
0.000000000000 0.000000000000 -0.000602373155 -0.000000000000 -0.000239062734 -0.000000000000 
0.000000000000 0.000000000000 -0.000505653676 0.000000000000 -0.000244534225 0.000000000000 
0.000000000000 0.000000000000 -0.000406938663 0.000000000000 -0.000249040662 -0.000000000000 
0.000000000000 0.000000000000 -0.000306617614 0.000000000000 -0.000252564234 0.000000000000 
0.000000000000 0.000000000000 -0.000205086501 0.000000000000 -0.000255091058 0.000000000000 
0.000000000000 0.000000000000 -0.000102746002 0.000000000000 -0.000256611151 -0.000000000000 
0.000000000000 0.000000000000 -0.000000000007 0.000000000000 -0.000257118518 -0.000000000000 
0.000000000000 0.000000000000 0.000102745988 0.000000000000 -0.000256611151 0.000000000000 
0.000000000000 0.000000000000 0.000205086486 0.000000000000 -0.000255091058 0.000000000000 
0.000000000000 0.000000000000 0.000306617614 0.000000000000 -0.000252564234 0.000000000000 
0.000000000000 0.000000000000 0.000406938634 0.000000000000 -0.000249040662 -0.000000000000 
0.000000000000 0.000000000000 0.000505653676 -0.000000000000 -0.000244534225 -0.000000000000 
0.000000000000 0.000000000000 0.000602373155 -0.000000000000 -0.000239062734 0.000000000000 
0.000000000000 0.000000000000 0.000696715317 -0.000000000000 -0.000232647784 -0.000000000000 
0.000000000000 0.000000000000 0.000788307865 -0.000000000000 -0.000225314667 -0.000000000000 
0.000000000000 0.000000000000 0.000876789272 -0.000000000000 -0.000217092340 0.000000000000 
0.000000000000 0.000000000000 0.000961810467 -0.000000000000 -0.000208013240 -0.000000000000 
0.000000000000 0.000000000000 0.001043035765 -0.000000000000 -0.000198113208 -0.000000000000 
0.000000000000 0.000000000000 0.001120144734 -0.000000000000 -0.000187431331 -0.000000000000 
0.000000000000 0.000000000000 0.001192833064 -0.000000000000 -0.000176009722 -0.000000000000 
0.000000000000 0.000000000000 0.001260813675 -0.000000000000 -0.000163893506 0.000000000000 
0.000000000000 0.000000000000 0.001323818578 0.000000000000 -0.000151130473 -0.000000000000 
0.000000000000 0.000000000000 0.001381598879 0.000000000000 -0.000137770985 0.000000000000 
0.000000000000 0.000000000000 0.001433926634 0.000000000000 -0.000123867780 0.000000000000 
0.000000000000 0.000000000000 0.001480595325 0.000000000000 -0.000109475739 -0.000000000000 
0.000000000000 0.000000000000 0.001521420898 0.000000000000 -0.000094651637 -0.000000000000 
0.000000000000 0.000000000000 0.001556242001 0.000000000000 -0.000079453988 0.000000000000 
0.000000000000 0.000000000000 0.001584921381 0.000000000000 -0.000063942774 0.000000000000 
0.000000000000 0.000000000000 0.001607345766 0.000000000000 -0.000048179205 0.000000000000 
0.000000000000 0.000000000000 0.001623426797 0.000000000000 -0.000032225496 0.000000000000 
0.000000000000 0.000000000000 0.001633100794 0.000000000000 -0.000016144606 -0.000000000000 
0.000000000000 0.000000000000 0.001636329689 0.000000000000 -0.000000000002 -0.000000000000 
0.000000000000 0.000000000000 0.001633100794 0.000000000000 0.000016144602 -0.000000000000 
0.000000000000 0.000000000000 0.001623426797 -0.000000000000 0.000032225493 -0.000000000000 
0.000000000000 0.000000000000 0.001607345766 -0.000000000000 0.000048179201 -0.000000000000 
0.000000000000 0.000000000000 0.001584921381 -0.000000000000 0.000063942767 -0.000000000000 
0.000000000000 0.000000000000 0.001556242001 0.000000000000 0.000079453988 0.000000000000 
0.000000000000 0.000000000000 0.001521420898 -0.000000000000 0.000094651630 0.000000000000 
0.000000000000 0.000000000000 0.001480595442 -0.000000000000 0.000109475732 0.000000000000 
0.000000000000 0.000000000000 0.001433926634 -0.000000000000 0.000123867780 -0.000000000000 
0.000000000000 0.000000000000 0.001381598879 0.000000000000 0.000137770985 -0.000000000000 
0.000000000000 0.000000000000 0.001323818578 0.000000000000 0.000151130458 0.000000000000 
0.000000000000 0.000000000000 0.001260813675 0.000000000000 0.000163893506 0.000000000000 
0.000000000000 0.000000000000 0.001192833064 0.000000000000 0.000176009722 0.000000000000 
0.000000000000 0.000000000000 0.001120144734 0.000000000000 0.000187431317 -0.000000000000 
0.000000000000 0.000000000000 0.001043035765 0.000000000000 0.000198113208 0.000000000000 
0.000000000000 0.000000000000 0.000961810467 0.000000000000 0.000208013240 0.000000000000 
0.000000000000 0.000000000000 0.000876789331 -0.000000000000 0.000217092340 -0.000000000000 
0.000000000000 0.000000000000 0.000788307865 -0.000000000000 0.000225314667 -0.000000000000 
0.000000000000 0.000000000000 0.000696715317 0.000000000000 0.000232647784 0.000000000000 
0.000000000000 0.000000000000 0.000602373155 0.000000000000 0.000239062734 -0.000000000000 
0.000000000000 0.000000000000 0.000505653676 0.000000000000 0.000244534225 -0.000000000000 
0.000000000000 0.000000000000 0.000406938663 -0.000000000000 0.000249040662 -0.000000000000 
0.000000000000 0.000000000000 0.000306617614 -0.000000000000 0.000252564234 0.000000000000 
0.000000000000 0.000000000000 0.000205086501 -0.000000000000 0.000255091058 -0.000000000000 
0.000000000000 0.000000000000 0.000102745995 0.000000000000 0.000256611151 -0.000000000000 
0.000000000000 0.000000000000 0.000000000000 0.000000000000 0.000257118518 0.000000000000 
0.000000000000 0.000000000000 0.000000000000 0.000000000000 0.000383039616 0.000000000000 
0.000000000000 0.000000000000 -0.000152876062 -0.000000000000 0.000381339662 0.000000000000 
0.000000000000 0.000000000000 -0.000304395187 0.000000000000 0.000376254931 0.000000000000 
0.000000000000 0.000000000000 -0.000453212473 -0.000000000000 0.000367830507 -0.000000000000 
0.000000000000 0.000000000000 -0.000598006998 -0.000000000000 0.000356141216 -0.000000000000 
0.000000000000 0.000000000000 -0.000737493625 -0.000000000000 0.000341290783 0.000000000000 
0.000000000000 0.000000000000 -0.000870434160 -0.000000000000 0.000323411048 0.000000000000 
0.000000000000 0.000000000000 -0.000995648676 -0.000000000000 0.000302660657 -0.000000000000 
0.000000000000 0.000000000000 -0.001112025697 0.000000000000 0.000279223867 -0.000000000000 
0.000000000000 0.000000000000 -0.001218532445 0.000000000000 0.000253308623 0.000000000000 
0.000000000000 0.000000000000 -0.001314223278 -0.000000000000 0.000225145035 -0.000000000000 
0.000000000000 0.000000000000 -0.001398248947 -0.000000000000 0.000194983018 0.000000000000 
0.000000000000 0.000000000000 -0.001469863695 -0.000000000000 0.000163090328 0.000000000000 
0.000000000000 0.000000000000 -0.001528431894 -0.000000000000 0.000129750042 0.000000000000 
0.000000000000 0.000000000000 -0.001573433634 0.000000000000 0.000095258074 0.000000000000 
0.000000000000 0.000000000000 -0.001604469377 0.000000000000 0.000059920596 -0.000000000000 
0.000000000000 0.000000000000 -0.001621263800 0.000000000000 0.000024051256 0.000000000000 
0.000000000000 0.000000000000 -0.001623667660 -0.000000000000 -0.000012031564 -0.000000000000 
0.000000000000 0.000000000000 -0.001611659885 -0.000000000000 -0.000048007594 -0.000000000000 
0.000000000000 0.000000000000 -0.001585346763 -0.000000000000 -0.000083557505 -0.000000000000 
0.000000000000 0.000000000000 -0.001544962055 -0.000000000000 -0.000118365751 -0.000000000000 
0.000000000000 0.000000000000 -0.001490864204 -0.000000000000 -0.000152123364 -0.000000000000 
0.000000000000 0.000000000000 -0.001423533307 -0.000000000000 -0.000184530742 0.000000000000 
0.000000000000 0.000000000000 -0.001343567041 -0.000000000000 -0.000215300199 -0.000000000000 
0.000000000000 0.000000000000 -0.001251675072 -0.000000000000 -0.000244158640 0.000000000000 
0.000000000000 0.000000000000 -0.001148673240 -0.000000000000 -0.000270849909 0.000000000000 
0.000000000000 0.000000000000 -0.001035475638 0.000000000000 -0.000295137084 -0.000000000000 
0.000000000000 0.000000000000 -0.000913087162 0.000000000000 -0.000316804624 -0.000000000000 
0.000000000000 0.000000000000 -0.000782594027 0.000000000000 -0.000335660152 0.000000000000 
0.000000000000 0.000000000000 -0.000645154563 0.000000000000 -0.000351536379 -0.000000000000 
0.000000000000 0.000000000000 -0.000501988630 0.000000000000 -0.000364292326 0.000000000000 
0.000000000000 0.000000000000 -0.000354366988 0.000000000000 -0.000373814779 -0.000000000000 
0.000000000000 0.000000000000 -0.000203599993 0.000000000000 -0.000380019221 0.000000000000 
0.000000000000 0.000000000000 -0.000051025814 0.000000000000 -0.000382850587 0.000000000000 
0.000000000000 0.000000000000 0.000102001271 0.000000000000 -0.000382283761 -0.000000000000 
0.000000000000 0.000000000000 0.000254122977 0.000000000000 -0.000378323748 -0.000000000000 
0.000000000000 0.000000000000 0.000403989077 0.000000000000 -0.000371005706 -0.000000000000 
0.000000000000 0.000000000000 0.000550269324 -0.000000000000 -0.000360394595 -0.000000000000 
0.000000000000 0.000000000000 0.000691665395 -0.000000000000 -0.000346584595 -0.000000000000 
0.000000000000 0.000000000000 0.000826922129 -0.000000000000 -0.000329698290 -0.000000000000 
0.000000000000 0.000000000000 0.000954839110 -0.000000000000 -0.000309885538 0.000000000000 
0.000000000000 0.000000000000 0.001074280823 -0.000000000000 -0.000287322240 0.000000000000 
0.000000000000 0.000000000000 0.001184187131 -0.000000000000 -0.000262208661 -0.000000000000 
0.000000000000 0.000000000000 0.001283582533 -0.000000000000 -0.000234767678 0.000000000000 
0.000000000000 0.000000000000 0.001371584833 -0.000000000000 -0.000205242890 -0.000000000000 
0.000000000000 0.000000000000 0.001447412767 0.000000000000 -0.000173896347 0.000000000000 
0.000000000000 0.000000000000 0.001510393340 0.000000000000 -0.000141006283 -0.000000000000 
0.000000000000 0.000000000000 0.001559967641 0.000000000000 -0.000106864645 -0.000000000000 
0.000000000000 0.000000000000 0.001595695503 0.000000000000 -0.000071774462 -0.000000000000 
0.000000000000 0.000000000000 0.001617259812 0.000000000000 -0.000036047211 -0.000000000000 
0.000000000000 0.000000000000 0.001624469296 0.000000000000 -0.000000000001 -0.000000000000 
0.000000000000 0.000000000000 0.001617259812 0.000000000000 0.000036047211 0.000000000000 
0.000000000000 0.000000000000 0.001595695503 0.000000000000 0.000071774462 0.000000000000 
0.000000000000 0.000000000000 0.001559967641 0.000000000000 0.000106864645 0.000000000000 
0.000000000000 0.000000000000 0.001510393340 0.000000000000 0.000141006283 -0.000000000000 
0.000000000000 0.000000000000 0.001447412767 -0.000000000000 0.000173896347 -0.000000000000 
0.000000000000 0.000000000000 0.001371584833 -0.000000000000 0.000205242890 0.000000000000 
0.000000000000 0.000000000000 0.001283582533 -0.000000000000 0.000234767678 -0.000000000000 
0.000000000000 0.000000000000 0.001184187131 -0.000000000000 0.000262208661 -0.000000000000 
0.000000000000 0.000000000000 0.001074280823 -0.000000000000 0.000287322240 0.000000000000 
0.000000000000 0.000000000000 0.000954839110 -0.000000000000 0.000309885538 0.000000000000 
0.000000000000 0.000000000000 0.000826922129 -0.000000000000 0.000329698290 -0.000000000000 
0.000000000000 0.000000000000 0.000691665395 -0.000000000000 0.000346584595 -0.000000000000 
0.000000000000 0.000000000000 0.000550269382 -0.000000000000 0.000360394595 -0.000000000000 
0.000000000000 0.000000000000 0.000403989077 -0.000000000000 0.000371005706 0.000000000000 
0.000000000000 0.000000000000 0.000254123006 0.000000000000 0.000378323748 -0.000000000000 
0.000000000000 0.000000000000 0.000102001279 0.000000000000 0.000382283761 0.000000000000 
0.000000000000 0.000000000000 -0.000051025803 0.000000000000 0.000382850587 0.000000000000 
0.000000000000 0.000000000000 -0.000203599979 -0.000000000000 0.000380019221 -0.000000000000 
0.000000000000 0.000000000000 -0.000354366988 0.000000000000 0.000373814779 -0.000000000000 
0.000000000000 0.000000000000 -0.000501988630 0.000000000000 0.000364292326 0.000000000000 
0.000000000000 0.000000000000 -0.000645154563 0.000000000000 0.000351536379 0.000000000000 
0.000000000000 0.000000000000 -0.000782594027 0.000000000000 0.000335660152 0.000000000000 
0.000000000000 0.000000000000 -0.000913087162 0.000000000000 0.000316804624 0.000000000000 
0.000000000000 0.000000000000 -0.001035475638 -0.000000000000 0.000295137084 -0.000000000000 
0.000000000000 0.000000000000 -0.001148673240 -0.000000000000 0.000270849909 0.000000000000 
0.000000000000 0.000000000000 -0.001251675072 -0.000000000000 0.000244158640 -0.000000000000 
0.000000000000 0.000000000000 -0.001343566924 -0.000000000000 0.000215300199 -0.000000000000 
0.000000000000 0.000000000000 -0.001423533307 -0.000000000000 0.000184530742 -0.000000000000 
0.000000000000 0.000000000000 -0.001490864204 -0.000000000000 0.000152123379 -0.000000000000 
0.000000000000 0.000000000000 -0.001544962055 -0.000000000000 0.000118365751 -0.000000000000 
0.000000000000 0.000000000000 -0.001585346763 -0.000000000000 0.000083557505 -0.000000000000 
0.000000000000 0.000000000000 -0.001611659885 -0.000000000000 0.000048007594 -0.000000000000 
0.000000000000 0.000000000000 -0.001623667660 -0.000000000000 0.000012031566 -0.000000000000 
0.000000000000 0.000000000000 -0.001621263800 -0.000000000000 -0.000024051255 0.000000000000 
0.000000000000 0.000000000000 -0.001604469377 -0.000000000000 -0.000059920596 0.000000000000 
0.000000000000 0.000000000000 -0.001573433634 -0.000000000000 -0.000095258074 0.000000000000 
0.000000000000 0.000000000000 -0.001528431894 -0.000000000000 -0.000129750042 0.000000000000 
0.000000000000 0.000000000000 -0.001469863695 0.000000000000 -0.000163090328 0.000000000000 
0.000000000000 0.000000000000 -0.001398248947 0.000000000000 -0.000194983018 0.000000000000 
0.000000000000 0.000000000000 -0.001314223278 0.000000000000 -0.000225145035 0.000000000000 
0.000000000000 0.000000000000 -0.001218532328 -0.000000000000 -0.000253308623 0.000000000000 
0.000000000000 0.000000000000 -0.001112025697 -0.000000000000 -0.000279223867 -0.000000000000 
0.000000000000 0.000000000000 -0.000995648676 0.000000000000 -0.000302660657 0.000000000000 
0.000000000000 0.000000000000 -0.000870434160 0.000000000000 -0.000323411048 0.000000000000 
0.000000000000 0.000000000000 -0.000737493625 -0.000000000000 -0.000341290783 -0.000000000000 
0.000000000000 0.000000000000 -0.000598006998 -0.000000000000 -0.000356141216 0.000000000000 
0.000000000000 0.000000000000 -0.000453212473 -0.000000000000 -0.000367830507 0.000000000000 
0.000000000000 0.000000000000 -0.000304395187 -0.000000000000 -0.000376254931 -0.000000000000 
0.000000000000 0.000000000000 -0.000152876062 0.000000000000 -0.000381339662 -0.000000000000 
0.000000000000 0.000000000000 0.000000000000 0.000000000000 -0.000383039616 0.000000000000 
0.000000000000 0.000000000000 0.000000000000 0.000000000000 -0.000505913980 0.000000000000 
0.000000000000 0.000000000000 0.000201568211 -0.000000000000 -0.000501924660 0.000000000000 
0.000000000000 0.000000000000 0.000399957557 0.000000000000 -0.000490019738 0.000000000000 
0.000000000000 0.000000000000 0.000592039374 -0.000000000000 -0.000470386905 -0.000000000000 
0.000000000000 0.000000000000 0.000774784305 -0.000000000000 -0.000443335768 -0.000000000000 
0.000000000000 0.000000000000 0.000945310516 -0.000000000000 -0.000409292988 0.000000000000 
0.000000000000 0.000000000000 0.001100928523 -0.000000000000 -0.000368795416 0.000000000000 
0.000000000000 0.000000000000 0.001239184290 -0.000000000000 -0.000322481705 -0.000000000000 
0.000000000000 0.000000000000 0.001357897418 0.000000000000 -0.000271082245 -0.000000000000 
0.000000000000 0.000000000000 0.001455195597 0.000000000000 -0.000215407694 0.000000000000 
0.000000000000 0.000000000000 0.001529544475 0.000000000000 -0.000156336013 -0.000000000000 
0.000000000000 0.000000000000 0.001579771633 -0.000000000000 -0.000094798823 0.000000000000 
0.000000000000 0.000000000000 0.001605084748 -0.000000000000 -0.000031766602 0.000000000000 
0.000000000000 0.000000000000 0.001605084748 0.000000000000 0.000031766602 0.000000000000 
0.000000000000 0.000000000000 0.001579771633 0.000000000000 0.000094798823 0.000000000000 
0.000000000000 0.000000000000 0.001529544475 0.000000000000 0.000156336013 -0.000000000000 
0.000000000000 0.000000000000 0.001455195597 0.000000000000 0.000215407694 0.000000000000 
0.000000000000 0.000000000000 0.001357897418 -0.000000000000 0.000271082245 -0.000000000000 
0.000000000000 0.000000000000 0.001239184290 -0.000000000000 0.000322481705 -0.000000000000 
0.000000000000 0.000000000000 0.001100928523 -0.000000000000 0.000368795416 -0.000000000000 
0.000000000000 0.000000000000 0.000945310516 -0.000000000000 0.000409292988 -0.000000000000 
0.000000000000 0.000000000000 0.000774784305 -0.000000000000 0.000443335768 -0.000000000000 
0.000000000000 0.000000000000 0.000592039374 -0.000000000000 0.000470386905 0.000000000000 
0.000000000000 0.000000000000 0.000399957557 -0.000000000000 0.000490019738 -0.000000000000 
0.000000000000 0.000000000000 0.000201568211 -0.000000000000 0.000501924660 0.000000000000 
0.000000000000 0.000000000000 -0.000000000001 0.000000000000 0.000505913980 0.000000000000 
0.000000000000 0.000000000000 -0.000201568211 0.000000000000 0.000501924660 -0.000000000000 
0.000000000000 0.000000000000 -0.000399957557 0.000000000000 0.000490019738 -0.000000000000 
0.000000000000 0.000000000000 -0.000592039374 0.000000000000 0.000470386905 0.000000000000 
0.000000000000 0.000000000000 -0.000774784305 0.000000000000 0.000443335768 -0.000000000000 
0.000000000000 0.000000000000 -0.000945310516 0.000000000000 0.000409292988 0.000000000000 
0.000000000000 0.000000000000 -0.001100928523 0.000000000000 0.000368795416 -0.000000000000 
0.000000000000 0.000000000000 -0.001239184290 0.000000000000 0.000322481705 0.000000000000 
0.000000000000 0.000000000000 -0.001357897418 0.000000000000 0.000271082245 0.000000000000 
0.000000000000 0.000000000000 -0.001455195597 0.000000000000 0.000215407694 -0.000000000000 
0.000000000000 0.000000000000 -0.001529544475 0.000000000000 0.000156336013 -0.000000000000 
0.000000000000 0.000000000000 -0.001579771633 0.000000000000 0.000094798823 -0.000000000000 
0.000000000000 0.000000000000 -0.001605084748 -0.000000000000 0.000031766602 -0.000000000000 
0.000000000000 0.000000000000 -0.001605084748 -0.000000000000 -0.000031766602 -0.000000000000 
0.000000000000 0.000000000000 -0.001579771633 -0.000000000000 -0.000094798823 -0.000000000000 
0.000000000000 0.000000000000 -0.001529544475 -0.000000000000 -0.000156336013 0.000000000000 
0.000000000000 0.000000000000 -0.001455195597 -0.000000000000 -0.000215407694 0.000000000000 
0.000000000000 0.000000000000 -0.001357897418 -0.000000000000 -0.000271082245 -0.000000000000 
0.000000000000 0.000000000000 -0.001239184290 -0.000000000000 -0.000322481705 0.000000000000 
0.000000000000 0.000000000000 -0.001100928523 -0.000000000000 -0.000368795416 -0.000000000000 
0.000000000000 0.000000000000 -0.000945310516 0.000000000000 -0.000409292988 0.000000000000 
0.000000000000 0.000000000000 -0.000774784363 0.000000000000 -0.000443335768 -0.000000000000 
0.000000000000 0.000000000000 -0.000592039374 0.000000000000 -0.000470386905 -0.000000000000 
0.000000000000 0.000000000000 -0.000399957557 0.000000000000 -0.000490019738 -0.000000000000 
0.000000000000 0.000000000000 -0.000201568211 0.000000000000 -0.000501924660 -0.000000000000 
0.000000000000 0.000000000000 -0.000000000001 0.000000000000 -0.000505913980 -0.000000000000 
0.000000000000 0.000000000000 0.000201568211 0.000000000000 -0.000501924660 0.000000000000 
0.000000000000 0.000000000000 0.000399957557 0.000000000000 -0.000490019738 0.000000000000 
0.000000000000 0.000000000000 0.000592039374 0.000000000000 -0.000470386905 0.000000000000 
0.000000000000 0.000000000000 0.000774784305 0.000000000000 -0.000443335768 -0.000000000000 
0.000000000000 0.000000000000 0.000945310516 -0.000000000000 -0.000409292988 -0.000000000000 
0.000000000000 0.000000000000 0.001100928523 -0.000000000000 -0.000368795416 -0.000000000000 
0.000000000000 0.000000000000 0.001239184290 -0.000000000000 -0.000322481705 -0.000000000000 
0.000000000000 0.000000000000 0.001357897418 -0.000000000000 -0.000271082245 -0.000000000000 
0.000000000000 0.000000000000 0.001455195597 -0.000000000000 -0.000215407694 0.000000000000 
0.000000000000 0.000000000000 0.001529544475 -0.000000000000 -0.000156336013 0.000000000000 
0.000000000000 0.000000000000 0.001579771633 -0.000000000000 -0.000094798823 -0.000000000000 
0.000000000000 0.000000000000 0.001605084748 -0.000000000000 -0.000031766602 -0.000000000000 
0.000000000000 0.000000000000 0.001605084748 -0.000000000000 0.000031766598 -0.000000000000 
0.000000000000 0.000000000000 0.001579771633 -0.000000000000 0.000094798823 -0.000000000000 
0.000000000000 0.000000000000 0.001529544475 -0.000000000000 0.000156336013 -0.000000000000 
0.000000000000 0.000000000000 0.001455195597 0.000000000000 0.000215407679 0.000000000000 
0.000000000000 0.000000000000 0.001357897418 0.000000000000 0.000271082245 0.000000000000 
0.000000000000 0.000000000000 0.001239184290 0.000000000000 0.000322481705 -0.000000000000 
0.000000000000 0.000000000000 0.001100928523 0.000000000000 0.000368795416 -0.000000000000 
0.000000000000 0.000000000000 0.000945310516 0.000000000000 0.000409292988 0.000000000000 
0.000000000000 0.000000000000 0.000774784363 0.000000000000 0.000443335768 0.000000000000 
0.000000000000 0.000000000000 0.000592039374 0.000000000000 0.000470386905 0.000000000000 
0.000000000000 0.000000000000 0.000399957586 0.000000000000 0.000490019738 0.000000000000 
0.000000000000 0.000000000000 0.000201568211 -0.000000000000 0.000501924660 -0.000000000000 
0.000000000000 0.000000000000 0.000000000005 0.000000000000 0.000505913980 0.000000000000 
0.000000000000 0.000000000000 -0.000201568211 -0.000000000000 0.000501924660 -0.000000000000 
0.000000000000 0.000000000000 -0.000399957557 -0.000000000000 0.000490019738 -0.000000000000 
0.000000000000 0.000000000000 -0.000592039374 -0.000000000000 0.000470386905 -0.000000000000 
0.000000000000 0.000000000000 -0.000774784305 -0.000000000000 0.000443335768 -0.000000000000 
0.000000000000 0.000000000000 -0.000945310516 -0.000000000000 0.000409292988 -0.000000000000 
0.000000000000 0.000000000000 -0.001100928523 -0.000000000000 0.000368795416 -0.000000000000 
0.000000000000 0.000000000000 -0.001239184290 -0.000000000000 0.000322481705 -0.000000000000 
0.000000000000 0.000000000000 -0.001357897418 -0.000000000000 0.000271082245 -0.000000000000 
0.000000000000 0.000000000000 -0.001455195597 -0.000000000000 0.000215407694 -0.000000000000 
0.000000000000 0.000000000000 -0.001529544475 -0.000000000000 0.000156336013 0.000000000000 
0.000000000000 0.000000000000 -0.001579771633 -0.000000000000 0.000094798823 0.000000000000 
0.000000000000 0.000000000000 -0.001605084748 0.000000000000 0.000031766602 0.000000000000 
0.000000000000 0.000000000000 -0.001605084748 0.000000000000 -0.000031766598 -0.000000000000 
0.000000000000 0.000000000000 -0.001579771633 0.000000000000 -0.000094798823 0.000000000000 
0.000000000000 0.000000000000 -0.001529544475 0.000000000000 -0.000156336013 0.000000000000 
0.000000000000 0.000000000000 -0.001455195597 -0.000000000000 -0.000215407679 0.000000000000 
0.000000000000 0.000000000000 -0.001357897418 -0.000000000000 -0.000271082245 -0.000000000000 
0.000000000000 0.000000000000 -0.001239184290 0.000000000000 -0.000322481705 0.000000000000 
0.000000000000 0.000000000000 -0.001100928523 0.000000000000 -0.000368795416 0.000000000000 
0.000000000000 0.000000000000 -0.000945310516 0.000000000000 -0.000409292988 -0.000000000000 
0.000000000000 0.000000000000 -0.000774784305 -0.000000000000 -0.000443335768 0.000000000000 
0.000000000000 0.000000000000 -0.000592039374 -0.000000000000 -0.000470386905 0.000000000000 
0.000000000000 0.000000000000 -0.000399957557 -0.000000000000 -0.000490019738 -0.000000000000 
0.000000000000 0.000000000000 -0.000201568211 0.000000000000 -0.000501924660 -0.000000000000 
0.000000000000 0.000000000000 0.000000000000 0.000000000000 -0.000505913980 0.000000000000 
0.000000000000 0.000000000000 0.000000000000 0.000000000000 0.000624912675 0.000000000000 
0.000000000000 0.000000000000 -0.000248427212 0.000000000000 0.000617218961 0.000000000000 
0.000000000000 0.000000000000 -0.000490737322 0.000000000000 0.000594327226 0.000000000000 
0.000000000000 0.000000000000 -0.000720963872 -0.000000000000 0.000556801271 -0.000000000000 
0.000000000000 0.000000000000 -0.000933437899 -0.000000000000 0.000505564967 0.000000000000 
0.000000000000 0.000000000000 -0.001122927526 -0.000000000000 0.000441879965 0.000000000000 
0.000000000000 0.000000000000 -0.001284767059 -0.000000000000 0.000367314438 0.000000000000 
0.000000000000 0.000000000000 -0.001414971310 -0.000000000000 0.000283704401 -0.000000000000 
0.000000000000 0.000000000000 -0.001510334201 -0.000000000000 0.000193108630 -0.000000000000 
0.000000000000 0.000000000000 -0.001568507752 -0.000000000000 0.000097757875 0.000000000000 
0.000000000000 0.000000000000 -0.001588059356 -0.000000000000 0.000000000000 -0.000000000000 
0.000000000000 0.000000000000 -0.001568507752 -0.000000000000 -0.000097757875 0.000000000000 
0.000000000000 0.000000000000 -0.001510334201 -0.000000000000 -0.000193108630 0.000000000000 
0.000000000000 0.000000000000 -0.001414971310 -0.000000000000 -0.000283704401 0.000000000000 
0.000000000000 0.000000000000 -0.001284767059 0.000000000000 -0.000367314438 0.000000000000 
0.000000000000 0.000000000000 -0.001122927526 0.000000000000 -0.000441879965 0.000000000000 
0.000000000000 0.000000000000 -0.000933437899 0.000000000000 -0.000505564967 0.000000000000 
0.000000000000 0.000000000000 -0.000720963872 -0.000000000000 -0.000556801271 -0.000000000000 
0.000000000000 0.000000000000 -0.000490737322 -0.000000000000 -0.000594327226 -0.000000000000 
0.000000000000 0.000000000000 -0.000248427212 -0.000000000000 -0.000617218961 -0.000000000000 
0.000000000000 0.000000000000 0.000000000000 -0.000000000000 -0.000624912675 -0.000000000000 
0.000000000000 0.000000000000 0.000248427212 -0.000000000000 -0.000617218961 -0.000000000000 
0.000000000000 0.000000000000 0.000490737322 -0.000000000000 -0.000594327226 0.000000000000 
0.000000000000 0.000000000000 0.000720963872 -0.000000000000 -0.000556801271 -0.000000000000 
0.000000000000 0.000000000000 0.000933437899 -0.000000000000 -0.000505564967 0.000000000000 
0.000000000000 0.000000000000 0.001122927526 -0.000000000000 -0.000441879965 0.000000000000 
0.000000000000 0.000000000000 0.001284767059 0.000000000000 -0.000367314438 -0.000000000000 
0.000000000000 0.000000000000 0.001414971310 0.000000000000 -0.000283704401 -0.000000000000 
0.000000000000 0.000000000000 0.001510334201 0.000000000000 -0.000193108630 0.000000000000 
0.000000000000 0.000000000000 0.001568507752 0.000000000000 -0.000097757875 0.000000000000 
0.000000000000 0.000000000000 0.001588059356 0.000000000000 0.000000000000 0.000000000000 
0.000000000000 0.000000000000 0.001568507752 0.000000000000 0.000097757875 -0.000000000000 
0.000000000000 0.000000000000 0.001510334201 0.000000000000 0.000193108630 -0.000000000000 
0.000000000000 0.000000000000 0.001414971310 0.000000000000 0.000283704401 0.000000000000 
0.000000000000 0.000000000000 0.001284767059 0.000000000000 0.000367314438 -0.000000000000 
0.000000000000 0.000000000000 0.001122927526 0.000000000000 0.000441879965 -0.000000000000 
0.000000000000 0.000000000000 0.000933437899 0.000000000000 0.000505564967 -0.000000000000 
0.000000000000 0.000000000000 0.000720963872 -0.000000000000 0.000556801271 -0.000000000000 
0.000000000000 0.000000000000 0.000490737322 -0.000000000000 0.000594327226 -0.000000000000 
0.000000000000 0.000000000000 0.000248427212 -0.000000000000 0.000617218961 -0.000000000000 
0.000000000000 0.000000000000 0.000000000000 -0.000000000000 0.000624912675 0.000000000000 
0.000000000000 0.000000000000 -0.000248427212 -0.000000000000 0.000617218961 0.000000000000 
0.000000000000 0.000000000000 -0.000490737322 -0.000000000000 0.000594327226 0.000000000000 
0.000000000000 0.000000000000 -0.000720963872 -0.000000000000 0.000556801271 -0.000000000000 
0.000000000000 0.000000000000 -0.000933437899 -0.000000000000 0.000505564967 -0.000000000000 
0.000000000000 0.000000000000 -0.001122927526 0.000000000000 0.000441879965 -0.000000000000 
0.000000000000 0.000000000000 -0.001284767059 0.000000000000 0.000367314438 -0.000000000000 
0.000000000000 0.000000000000 -0.001414971310 0.000000000000 0.000283704401 -0.000000000000 
0.000000000000 0.000000000000 -0.001510334201 0.000000000000 0.000193108630 -0.000000000000 
0.000000000000 0.000000000000 -0.001568507752 0.000000000000 0.000097757875 -0.000000000000 
0.000000000000 0.000000000000 -0.001588059356 0.000000000000 0.000000000000 -0.000000000000 
0.000000000000 0.000000000000 -0.001568507752 0.000000000000 -0.000097757875 0.000000000000 
0.000000000000 0.000000000000 -0.001510334201 0.000000000000 -0.000193108630 0.000000000000 
0.000000000000 0.000000000000 -0.001414971310 0.000000000000 -0.000283704401 0.000000000000 
0.000000000000 0.000000000000 -0.001284767059 0.000000000000 -0.000367314438 -0.000000000000 
0.000000000000 0.000000000000 -0.001122927526 -0.000000000000 -0.000441879965 -0.000000000000 
0.000000000000 0.000000000000 -0.000933437899 -0.000000000000 -0.000505564967 0.000000000000 
0.000000000000 0.000000000000 -0.000720963872 -0.000000000000 -0.000556801271 -0.000000000000 
0.000000000000 0.000000000000 -0.000490737322 -0.000000000000 -0.000594327226 0.000000000000 
0.000000000000 0.000000000000 -0.000248427212 -0.000000000000 -0.000617218961 0.000000000000 
0.000000000000 0.000000000000 -0.000000000001 -0.000000000000 -0.000624912675 0.000000000000 
0.000000000000 0.000000000000 0.000248427212 -0.000000000000 -0.000617218961 -0.000000000000 
0.000000000000 0.000000000000 0.000490737322 -0.000000000000 -0.000594327226 -0.000000000000 
0.000000000000 0.000000000000 0.000720963872 -0.000000000000 -0.000556801271 -0.000000000000 
0.000000000000 0.000000000000 0.000933437899 -0.000000000000 -0.000505564967 0.000000000000 
0.000000000000 0.000000000000 0.001122927526 -0.000000000000 -0.000441879965 -0.000000000000 
0.000000000000 0.000000000000 0.001284767059 0.000000000000 -0.000367314438 0.000000000000 
0.000000000000 0.000000000000 0.001414971310 -0.000000000000 -0.000283704401 -0.000000000000 
0.000000000000 0.000000000000 0.001510334201 -0.000000000000 -0.000193108630 -0.000000000000 
0.000000000000 0.000000000000 0.001568507752 -0.000000000000 -0.000097757875 -0.000000000000 
0.000000000000 0.000000000000 0.001588059356 0.000000000000 -0.000000000001 0.000000000000 
0.000000000000 0.000000000000 0.001568507752 0.000000000000 0.000097757875 0.000000000000 
0.000000000000 0.000000000000 0.001510334201 0.000000000000 0.000193108630 -0.000000000000 
0.000000000000 0.000000000000 0.001414971310 0.000000000000 0.000283704401 0.000000000000 
0.000000000000 0.000000000000 0.001284767059 0.000000000000 0.000367314438 -0.000000000000 
0.000000000000 0.000000000000 0.001122927526 -0.000000000000 0.000441879965 -0.000000000000 
0.000000000000 0.000000000000 0.000933437899 -0.000000000000 0.000505564967 -0.000000000000 
0.000000000000 0.000000000000 0.000720963872 -0.000000000000 0.000556801271 -0.000000000000 
0.000000000000 0.000000000000 0.000490737322 -0.000000000000 0.000594327226 -0.000000000000 
0.000000000000 0.000000000000 0.000248427241 -0.000000000000 0.000617218961 -0.000000000000 
0.000000000000 0.000000000000 0.000000000002 -0.000000000000 0.000624912675 -0.000000000000 
0.000000000000 0.000000000000 -0.000248427212 -0.000000000000 0.000617218961 0.000000000000 
0.000000000000 0.000000000000 -0.000490737322 -0.000000000000 0.000594327226 0.000000000000 
0.000000000000 0.000000000000 -0.000720963872 -0.000000000000 0.000556801271 -0.000000000000 
0.000000000000 0.000000000000 -0.000933437899 -0.000000000000 0.000505564967 0.000000000000 
0.000000000000 0.000000000000 -0.001122927526 -0.000000000000 0.000441879965 0.000000000000 
0.000000000000 0.000000000000 -0.001284767059 -0.000000000000 0.000367314438 0.000000000000 
0.000000000000 0.000000000000 -0.001414971310 -0.000000000000 0.000283704401 0.000000000000 
0.000000000000 0.000000000000 -0.001510334201 0.000000000000 0.000193108630 0.000000000000 
0.000000000000 0.000000000000 -0.001568507752 0.000000000000 0.000097757875 0.000000000000 
0.000000000000 0.000000000000 -0.001588059356 -0.000000000000 0.000000000000 0.000000000000 
0.000000000000 0.000000000000 -0.001568507752 -0.000000000000 -0.000097757875 -0.000000000000 
0.000000000000 0.000000000000 -0.001510334201 -0.000000000000 -0.000193108630 -0.000000000000 
0.000000000000 0.000000000000 -0.001414971310 0.000000000000 -0.000283704401 0.000000000000 
0.000000000000 0.000000000000 -0.001284767059 0.000000000000 -0.000367314438 0.000000000000 
0.000000000000 0.000000000000 -0.001122927526 -0.000000000000 -0.000441879965 -0.000000000000 
0.000000000000 0.000000000000 -0.000933437899 -0.000000000000 -0.000505564967 -0.000000000000 
0.000000000000 0.000000000000 -0.000720963872 -0.000000000000 -0.000556801271 0.000000000000 
0.000000000000 0.000000000000 -0.000490737322 -0.000000000000 -0.000594327226 -0.000000000000 
0.000000000000 0.000000000000 -0.000248427212 0.000000000000 -0.000617218961 -0.000000000000 
0.000000000000 0.000000000000 0.000000000000 0.000000000000 -0.000624912675 0.000000000000 
0.000000000000 0.000000000000 0.000000000000 0.000000000000 -0.000739345269 0.000000000000 
0.000000000000 0.000000000000 0.000293120451 0.000000000000 -0.000726249476 -0.000000000000 
0.000000000000 0.000000000000 0.000575856946 -0.000000000000 -0.000687425840 -0.000000000000 
0.000000000000 0.000000000000 0.000838193460 0.000000000000 -0.000624249864 0.000000000000 
0.000000000000 0.000000000000 0.001070836559 0.000000000000 -0.000538959517 0.000000000000 
0.000000000000 0.000000000000 0.001265544677 0.000000000000 -0.000434576272 -0.000000000000 
0.000000000000 0.000000000000 0.001415420324 0.000000000000 -0.000314797915 -0.000000000000 
0.000000000000 0.000000000000 0.001515153912 0.000000000000 -0.000183867698 0.000000000000 
0.000000000000 0.000000000000 0.001561212470 -0.000000000000 -0.000046423876 0.000000000000 
0.000000000000 0.000000000000 0.001551964320 0.000000000000 0.000092664537 -0.000000000000 
0.000000000000 0.000000000000 0.001487736939 0.000000000000 0.000228470264 0.000000000000 
0.000000000000 0.000000000000 0.001370805898 0.000000000000 0.000356182310 -0.000000000000 
0.000000000000 0.000000000000 0.001205313252 0.000000000000 0.000471276435 -0.000000000000 
0.000000000000 0.000000000000 0.000997121911 0.000000000000 0.000569675351 0.000000000000 
0.000000000000 0.000000000000 0.000753606902 -0.000000000000 0.000647893234 -0.000000000000 
0.000000000000 0.000000000000 0.000483395037 -0.000000000000 0.000703159138 0.000000000000 
0.000000000000 0.000000000000 0.000196058681 -0.000000000000 0.000733515306 -0.000000000000 
0.000000000000 0.000000000000 -0.000098223165 0.000000000000 0.000737886352 0.000000000000 
0.000000000000 0.000000000000 -0.000389025401 0.000000000000 0.000716117385 0.000000000000 
0.000000000000 0.000000000000 -0.000666046224 0.000000000000 0.000668979599 0.000000000000 
0.000000000000 0.000000000000 -0.000919472019 0.000000000000 0.000598142913 0.000000000000 
0.000000000000 0.000000000000 -0.001140325097 0.000000000000 0.000506116659 -0.000000000000 
0.000000000000 0.000000000000 -0.001320781535 0.000000000000 0.000396161020 -0.000000000000 
0.000000000000 0.000000000000 -0.001454448677 0.000000000000 0.000272171164 0.000000000000 
0.000000000000 0.000000000000 -0.001536591211 0.000000000000 0.000138539486 -0.000000000000 
0.000000000000 0.000000000000 -0.001564299222 -0.000000000000 -0.000000000000 0.000000000000 
0.000000000000 0.000000000000 -0.001536591211 -0.000000000000 -0.000138539486 0.000000000000 
0.000000000000 0.000000000000 -0.001454448677 -0.000000000000 -0.000272171164 0.000000000000 
0.000000000000 0.000000000000 -0.001320781535 -0.000000000000 -0.000396161020 -0.000000000000 
0.000000000000 0.000000000000 -0.001140325097 -0.000000000000 -0.000506116659 0.000000000000 
0.000000000000 0.000000000000 -0.000919472019 -0.000000000000 -0.000598142913 -0.000000000000 
0.000000000000 0.000000000000 -0.000666046224 -0.000000000000 -0.000668979599 0.000000000000 
0.000000000000 0.000000000000 -0.000389025401 -0.000000000000 -0.000716117385 -0.000000000000 
0.000000000000 0.000000000000 -0.000098223165 -0.000000000000 -0.000737886352 -0.000000000000 
0.000000000000 0.000000000000 0.000196058681 -0.000000000000 -0.000733515306 0.000000000000 
0.000000000000 0.000000000000 0.000483395037 0.000000000000 -0.000703159138 0.000000000000 
0.000000000000 0.000000000000 0.000753606902 0.000000000000 -0.000647893234 0.000000000000 
0.000000000000 0.000000000000 0.000997121911 0.000000000000 -0.000569675351 0.000000000000 
0.000000000000 0.000000000000 0.001205313252 0.000000000000 -0.000471276435 0.000000000000 
0.000000000000 0.000000000000 0.001370805898 0.000000000000 -0.000356182310 0.000000000000 
0.000000000000 0.000000000000 0.001487736939 0.000000000000 -0.000228470264 -0.000000000000 
0.000000000000 0.000000000000 0.001551964320 0.000000000000 -0.000092664537 -0.000000000000 
0.000000000000 0.000000000000 0.001561212470 0.000000000000 0.000046423876 0.000000000000 
0.000000000000 0.000000000000 0.001515153912 0.000000000000 0.000183867698 0.000000000000 
0.000000000000 0.000000000000 0.001415420324 0.000000000000 0.000314797915 0.000000000000 
0.000000000000 0.000000000000 0.001265544677 -0.000000000000 0.000434576272 0.000000000000 
0.000000000000 0.000000000000 0.001070836559 -0.000000000000 0.000538959517 0.000000000000 
0.000000000000 0.000000000000 0.000838193460 -0.000000000000 0.000624249864 0.000000000000 
0.000000000000 0.000000000000 0.000575856946 -0.000000000000 0.000687425840 0.000000000000 
0.000000000000 0.000000000000 0.000293120451 -0.000000000000 0.000726249476 0.000000000000 
0.000000000000 0.000000000000 0.000000000000 -0.000000000000 0.000739345269 0.000000000000 
0.000000000000 0.000000000000 -0.000293120451 -0.000000000000 0.000726249476 -0.000000000000 
0.000000000000 0.000000000000 -0.000575856946 -0.000000000000 0.000687425840 -0.000000000000 
0.000000000000 0.000000000000 -0.000838193460 -0.000000000000 0.000624249864 -0.000000000000 
0.000000000000 0.000000000000 -0.001070836559 -0.000000000000 0.000538959517 0.000000000000 
0.000000000000 0.000000000000 -0.001265544677 0.000000000000 0.000434576272 0.000000000000 
0.000000000000 0.000000000000 -0.001415420324 0.000000000000 0.000314797915 -0.000000000000 
0.000000000000 0.000000000000 -0.001515153912 0.000000000000 0.000183867698 0.000000000000 
0.000000000000 0.000000000000 -0.001561212470 0.000000000000 0.000046423876 0.000000000000 
0.000000000000 0.000000000000 -0.001551964320 0.000000000000 -0.000092664537 -0.000000000000 
0.000000000000 0.000000000000 -0.001487736939 0.000000000000 -0.000228470264 -0.000000000000 
0.000000000000 0.000000000000 -0.001370805898 0.000000000000 -0.000356182310 0.000000000000 
0.000000000000 0.000000000000 -0.001205313252 0.000000000000 -0.000471276435 0.000000000000 
0.000000000000 0.000000000000 -0.000997121911 0.000000000000 -0.000569675351 0.000000000000 
0.000000000000 0.000000000000 -0.000753606902 0.000000000000 -0.000647893234 0.000000000000 
0.000000000000 0.000000000000 -0.000483395066 0.000000000000 -0.000703159138 0.000000000000 
0.000000000000 0.000000000000 -0.000196058681 0.000000000000 -0.000733515306 -0.000000000000 
0.000000000000 0.000000000000 0.000098223165 0.000000000000 -0.000737886352 -0.000000000000 
0.000000000000 0.000000000000 0.000389025401 0.000000000000 -0.000716117385 0.000000000000 
0.000000000000 0.000000000000 0.000666046224 -0.000000000000 -0.000668979599 0.000000000000 
0.000000000000 0.000000000000 0.000919472019 -0.000000000000 -0.000598142913 -0.000000000000 
0.000000000000 0.000000000000 0.001140325097 -0.000000000000 -0.000506116659 -0.000000000000 
0.000000000000 0.000000000000 0.001320781535 -0.000000000000 -0.000396161020 -0.000000000000 
0.000000000000 0.000000000000 0.001454448677 -0.000000000000 -0.000272171164 -0.000000000000 
0.000000000000 0.000000000000 0.001536591211 -0.000000000000 -0.000138539486 0.000000000000 
0.000000000000 0.000000000000 0.001564299222 -0.000000000000 -0.000000000000 -0.000000000000 
0.000000000000 0.000000000000 0.001536591211 0.000000000000 0.000138539486 0.000000000000 
0.000000000000 0.000000000000 0.001454448677 0.000000000000 0.000272171164 0.000000000000 
0.000000000000 0.000000000000 0.001320781535 0.000000000000 0.000396161020 0.000000000000 
0.000000000000 0.000000000000 0.001140325097 0.000000000000 0.000506116659 0.000000000000 
0.000000000000 0.000000000000 0.000919472019 0.000000000000 0.000598142913 0.000000000000 
0.000000000000 0.000000000000 0.000666046224 0.000000000000 0.000668979599 0.000000000000 
0.000000000000 0.000000000000 0.000389025401 0.000000000000 0.000716117385 0.000000000000 
0.000000000000 0.000000000000 0.000098223165 0.000000000000 0.000737886352 0.000000000000 
0.000000000000 0.000000000000 -0.000196058681 0.000000000000 0.000733515306 -0.000000000000 
0.000000000000 0.000000000000 -0.000483395037 0.000000000000 0.000703159138 -0.000000000000 
0.000000000000 0.000000000000 -0.000753606902 0.000000000000 0.000647893234 -0.000000000000 
0.000000000000 0.000000000000 -0.000997121911 0.000000000000 0.000569675351 -0.000000000000 
0.000000000000 0.000000000000 -0.001205313252 -0.000000000000 0.000471276435 -0.000000000000 
0.000000000000 0.000000000000 -0.001370805898 -0.000000000000 0.000356182310 -0.000000000000 
0.000000000000 0.000000000000 -0.001487736939 -0.000000000000 0.000228470264 -0.000000000000 
0.000000000000 0.000000000000 -0.001551964320 0.000000000000 0.000092664537 0.000000000000 
0.000000000000 0.000000000000 -0.001561212470 0.000000000000 -0.000046423876 0.000000000000 
0.000000000000 0.000000000000 -0.001515153912 0.000000000000 -0.000183867698 -0.000000000000 
0.000000000000 0.000000000000 -0.001415420324 -0.000000000000 -0.000314797915 0.000000000000 
0.000000000000 0.000000000000 -0.001265544677 0.000000000000 -0.000434576272 0.000000000000 
0.000000000000 0.000000000000 -0.001070836559 0.000000000000 -0.000538959517 0.000000000000 
0.000000000000 0.000000000000 -0.000838193460 0.000000000000 -0.000624249864 -0.000000000000 
0.000000000000 0.000000000000 -0.000575856946 0.000000000000 -0.000687425840 0.000000000000 
0.000000000000 0.000000000000 -0.000293120451 -0.000000000000 -0.000726249476 0.000000000000 
0.000000000000 0.000000000000 0.000000000000 0.000000000000 -0.000739345269 0.000000000000 
0.000000000000 0.000000000000 0.000000000000 0.000000000000 0.000848671829 0.000000000000 
0.000000000000 0.000000000000 -0.000335383229 -0.000000000000 0.000828233024 0.000000000000 
0.000000000000 0.000000000000 -0.000654612260 -0.000000000000 0.000767901191 0.000000000000 
0.000000000000 0.000000000000 -0.000942310842 -0.000000000000 0.000670582289 0.000000000000 
0.000000000000 0.000000000000 -0.001184621709 -0.000000000000 0.000540963782 -0.000000000000 
0.000000000000 0.000000000000 -0.001369873527 -0.000000000000 0.000385288935 0.000000000000 
0.000000000000 0.000000000000 -0.001489143353 -0.000000000000 0.000211056089 0.000000000000 
0.000000000000 0.000000000000 -0.001536686323 -0.000000000000 0.000026657426 0.000000000000 
0.000000000000 0.000000000000 -0.001510212547 -0.000000000000 -0.000159025236 -0.000000000000 
0.000000000000 0.000000000000 -0.001410997240 0.000000000000 -0.000337048230 -0.000000000000 
0.000000000000 0.000000000000 -0.001243819133 0.000000000000 -0.000498836744 -0.000000000000 
0.000000000000 0.000000000000 -0.001016730559 0.000000000000 -0.000636598095 0.000000000000 
0.000000000000 0.000000000000 -0.000740669784 0.000000000000 -0.000743696757 -0.000000000000 
0.000000000000 0.000000000000 -0.000428933476 0.000000000000 -0.000814974192 -0.000000000000 
0.000000000000 0.000000000000 -0.000096536969 0.000000000000 -0.000846997136 0.000000000000 
0.000000000000 0.000000000000 0.000240509384 0.000000000000 -0.000838223263 -0.000000000000 
0.000000000000 0.000000000000 0.000565971248 0.000000000000 -0.000789075100 0.000000000000 
0.000000000000 0.000000000000 0.000864172238 0.000000000000 -0.000701919955 -0.000000000000 
0.000000000000 0.000000000000 0.001120749163 -0.000000000000 -0.000580955821 0.000000000000 
0.000000000000 0.000000000000 0.001323343487 -0.000000000000 -0.000432009110 -0.000000000000 
0.000000000000 0.000000000000 0.001462197048 -0.000000000000 -0.000262254005 -0.000000000000 
0.000000000000 0.000000000000 0.001530621783 -0.000000000000 -0.000079867074 -0.000000000000 
0.000000000000 0.000000000000 0.001525321743 -0.000000000000 0.000106366781 0.000000000000 
0.000000000000 0.000000000000 0.001446552458 -0.000000000000 0.000287477334 -0.000000000000 
0.000000000000 0.000000000000 0.001298107672 -0.000000000000 0.000454741094 0.000000000000 
0.000000000000 0.000000000000 0.001087137731 0.000000000000 0.000600101601 -0.000000000000 
0.000000000000 0.000000000000 0.000823804236 0.000000000000 0.000716557319 -0.000000000000 
0.000000000000 0.000000000000 0.000520790927 0.000000000000 0.000798498979 -0.000000000000 
0.000000000000 0.000000000000 0.000192692954 0.000000000000 0.000841979752 -0.000000000000 
0.000000000000 0.000000000000 -0.000144686346 0.000000000000 0.000844905386 -0.000000000000 
0.000000000000 0.000000000000 -0.000475096633 0.000000000000 0.000807134842 0.000000000000 
0.000000000000 0.000000000000 -0.000782623189 0.000000000000 0.000730487518 -0.000000000000 
0.000000000000 0.000000000000 -0.001052453532 0.000000000000 0.000618655118 0.000000000000 
0.000000000000 0.000000000000 -0.001271590823 0.000000000000 0.000477024325 -0.000000000000 
0.000000000000 0.000000000000 -0.001429480151 -0.000000000000 0.000312416931 -0.000000000000 
0.000000000000 0.000000000000 -0.001518516452 -0.000000000000 0.000132761517 -0.000000000000 
0.000000000000 0.000000000000 -0.001534411218 -0.000000000000 -0.000053288542 -0.000000000000 
0.000000000000 0.000000000000 -0.001476398669 -0.000000000000 -0.000236771884 -0.000000000000 
0.000000000000 0.000000000000 -0.001347273355 -0.000000000000 -0.000408850756 -0.000000000000 
0.000000000000 0.000000000000 -0.001153254532 -0.000000000000 -0.000561236753 0.000000000000 
0.000000000000 0.000000000000 -0.000903687498 -0.000000000000 -0.000686589919 0.000000000000 
0.000000000000 0.000000000000 -0.000610593008 -0.000000000000 -0.000778872462 0.000000000000 
0.000000000000 0.000000000000 -0.000288088457 -0.000000000000 -0.000833639468 0.000000000000 
0.000000000000 0.000000000000 0.000048292313 -0.000000000000 -0.000848253025 -0.000000000000 
0.000000000000 0.000000000000 0.000382347003 0.000000000000 -0.000822009228 0.000000000000 
0.000000000000 0.000000000000 0.000697985408 0.000000000000 -0.000756172114 -0.000000000000 
0.000000000000 0.000000000000 0.000980004319 0.000000000000 -0.000653912837 -0.000000000000 
0.000000000000 0.000000000000 0.001214819844 0.000000000000 -0.000520156929 -0.000000000000 
0.000000000000 0.000000000000 0.001391121768 0.000000000000 -0.000361346873 -0.000000000000 
0.000000000000 0.000000000000 0.001500418293 0.000000000000 -0.000185132012 -0.000000000000 
0.000000000000 0.000000000000 0.001537445001 0.000000000000 -0.000000000000 -0.000000000000 
0.000000000000 0.000000000000 0.001500418293 0.000000000000 0.000185132012 0.000000000000 
0.000000000000 0.000000000000 0.001391121768 0.000000000000 0.000361346873 -0.000000000000 
0.000000000000 0.000000000000 0.001214819844 0.000000000000 0.000520156929 0.000000000000 
0.000000000000 0.000000000000 0.000980004319 0.000000000000 0.000653912837 -0.000000000000 
0.000000000000 0.000000000000 0.000697985408 -0.000000000000 0.000756172114 -0.000000000000 
0.000000000000 0.000000000000 0.000382347003 -0.000000000000 0.000822009228 -0.000000000000 
0.000000000000 0.000000000000 0.000048292313 -0.000000000000 0.000848253025 -0.000000000000 
0.000000000000 0.000000000000 -0.000288088457 -0.000000000000 0.000833639468 -0.000000000000 
0.000000000000 0.000000000000 -0.000610593008 -0.000000000000 0.000778872462 0.000000000000 
0.000000000000 0.000000000000 -0.000903687498 -0.000000000000 0.000686589919 -0.000000000000 
0.000000000000 0.000000000000 -0.001153254532 -0.000000000000 0.000561236753 -0.000000000000 
0.000000000000 0.000000000000 -0.001347273355 -0.000000000000 0.000408850756 -0.000000000000 
0.000000000000 0.000000000000 -0.001476398669 -0.000000000000 0.000236771884 -0.000000000000 
0.000000000000 0.000000000000 -0.001534411218 -0.000000000000 0.000053288542 -0.000000000000 
0.000000000000 0.000000000000 -0.001518516452 -0.000000000000 -0.000132761517 -0.000000000000 
0.000000000000 0.000000000000 -0.001429480151 -0.000000000000 -0.000312416931 -0.000000000000 
0.000000000000 0.000000000000 -0.001271590823 0.000000000000 -0.000477024325 0.000000000000 
0.000000000000 0.000000000000 -0.001052453532 0.000000000000 -0.000618655118 -0.000000000000 
0.000000000000 0.000000000000 -0.000782623189 0.000000000000 -0.000730487518 0.000000000000 
0.000000000000 0.000000000000 -0.000475096633 0.000000000000 -0.000807134842 0.000000000000 
0.000000000000 0.000000000000 -0.000144686361 0.000000000000 -0.000844905386 0.000000000000 
0.000000000000 0.000000000000 0.000192692954 0.000000000000 -0.000841979752 0.000000000000 
0.000000000000 0.000000000000 0.000520790927 0.000000000000 -0.000798498979 0.000000000000 
0.000000000000 0.000000000000 0.000823804236 0.000000000000 -0.000716557319 0.000000000000 
0.000000000000 0.000000000000 0.001087137731 0.000000000000 -0.000600101601 0.000000000000 
0.000000000000 0.000000000000 0.001298107672 0.000000000000 -0.000454741094 -0.000000000000 
0.000000000000 0.000000000000 0.001446552458 -0.000000000000 -0.000287477334 -0.000000000000 
0.000000000000 0.000000000000 0.001525321743 0.000000000000 -0.000106366781 -0.000000000000 
0.000000000000 0.000000000000 0.001530621783 -0.000000000000 0.000079867074 -0.000000000000 
0.000000000000 0.000000000000 0.001462197048 -0.000000000000 0.000262254005 -0.000000000000 
0.000000000000 0.000000000000 0.001323343487 -0.000000000000 0.000432009110 -0.000000000000 
0.000000000000 0.000000000000 0.001120749163 -0.000000000000 0.000580955821 -0.000000000000 
0.000000000000 0.000000000000 0.000864172238 -0.000000000000 0.000701919955 -0.000000000000 
0.000000000000 0.000000000000 0.000565971248 0.000000000000 0.000789075100 0.000000000000 
0.000000000000 0.000000000000 0.000240509384 -0.000000000000 0.000838223263 0.000000000000 
0.000000000000 0.000000000000 -0.000096536969 -0.000000000000 0.000846997136 0.000000000000 
0.000000000000 0.000000000000 -0.000428933476 -0.000000000000 0.000814974192 0.000000000000 
0.000000000000 0.000000000000 -0.000740669784 0.000000000000 0.000743696757 0.000000000000 
0.000000000000 0.000000000000 -0.001016730559 0.000000000000 0.000636598095 0.000000000000 
0.000000000000 0.000000000000 -0.001243819133 -0.000000000000 0.000498836744 0.000000000000 
0.000000000000 0.000000000000 -0.001410997240 -0.000000000000 0.000337048230 -0.000000000000 
0.000000000000 0.000000000000 -0.001510212547 -0.000000000000 0.000159025236 0.000000000000 
0.000000000000 0.000000000000 -0.001536686323 -0.000000000000 -0.000026657426 -0.000000000000 
0.000000000000 0.000000000000 -0.001489143353 0.000000000000 -0.000211056089 0.000000000000 
0.000000000000 0.000000000000 -0.001369873527 -0.000000000000 -0.000385288935 -0.000000000000 
0.000000000000 0.000000000000 -0.001184621709 -0.000000000000 -0.000540963782 -0.000000000000 
0.000000000000 0.000000000000 -0.000942310842 -0.000000000000 -0.000670582289 -0.000000000000 
0.000000000000 0.000000000000 -0.000654612260 -0.000000000000 -0.000767901191 -0.000000000000 
0.000000000000 0.000000000000 -0.000335383229 0.000000000000 -0.000828233024 -0.000000000000 
0.000000000000 0.000000000000 0.000000000000 0.000000000000 -0.000848671829 0.000000000000 
0.000000000000 0.000000000000 0.000000000000 0.000000000000 -0.000952503993 0.000000000000 
0.000000000000 0.000000000000 0.000375019852 -0.000000000000 -0.000922579318 0.000000000000 
0.000000000000 0.000000000000 0.000726475788 -0.000000000000 -0.000834685576 -0.000000000000 
0.000000000000 0.000000000000 0.001032284577 -0.000000000000 -0.000694345508 0.000000000000 
0.000000000000 0.000000000000 0.001273231232 -0.000000000000 -0.000510377169 0.000000000000 
0.000000000000 0.000000000000 0.001434175996 -0.000000000000 -0.000294339901 -0.000000000000 
0.000000000000 0.000000000000 0.001505006221 -0.000000000000 -0.000059808219 -0.000000000000 
0.000000000000 0.000000000000 0.001481271349 0.000000000000 0.000178481452 -0.000000000000 
0.000000000000 0.000000000000 0.001364462776 -0.000000000000 0.000405556464 0.000000000000 
0.000000000000 0.000000000000 0.001161920023 -0.000000000000 0.000607148861 -0.000000000000 
0.000000000000 0.000000000000 0.000886369497 0.000000000000 0.000770591898 0.000000000000 
0.000000000000 0.000000000000 0.000555125123 0.000000000000 0.000885615824 -0.000000000000 
0.000000000000 0.000000000000 0.000189000246 0.000000000000 0.000944993168 -0.000000000000 
0.000000000000 0.000000000000 -0.000189000246 0.000000000000 0.000944993168 -0.000000000000 
0.000000000000 0.000000000000 -0.000555125123 -0.000000000000 0.000885615824 -0.000000000000 
0.000000000000 0.000000000000 -0.000886369497 -0.000000000000 0.000770591898 0.000000000000 
0.000000000000 0.000000000000 -0.001161920023 -0.000000000000 0.000607148861 -0.000000000000 
0.000000000000 0.000000000000 -0.001364462776 0.000000000000 0.000405556464 0.000000000000 
0.000000000000 0.000000000000 -0.001481271349 0.000000000000 0.000178481452 0.000000000000 
0.000000000000 0.000000000000 -0.001505006221 0.000000000000 -0.000059808219 0.000000000000 
0.000000000000 0.000000000000 -0.001434175996 0.000000000000 -0.000294339901 0.000000000000 
0.000000000000 0.000000000000 -0.001273231232 0.000000000000 -0.000510377169 0.000000000000 
0.000000000000 0.000000000000 -0.001032284577 0.000000000000 -0.000694345508 -0.000000000000 
0.000000000000 0.000000000000 -0.000726475788 0.000000000000 -0.000834685576 0.000000000000 
0.000000000000 0.000000000000 -0.000375019852 0.000000000000 -0.000922579318 -0.000000000000 
0.000000000000 0.000000000000 -0.000000000000 0.000000000000 -0.000952503993 -0.000000000000 
0.000000000000 0.000000000000 0.000375019852 -0.000000000000 -0.000922579318 0.000000000000 
0.000000000000 0.000000000000 0.000726475788 -0.000000000000 -0.000834685576 0.000000000000 
0.000000000000 0.000000000000 0.001032284577 -0.000000000000 -0.000694345508 -0.000000000000 
0.000000000000 0.000000000000 0.001273231232 -0.000000000000 -0.000510377169 0.000000000000 
0.000000000000 0.000000000000 0.001434175996 -0.000000000000 -0.000294339901 -0.000000000000 
0.000000000000 0.000000000000 0.001505006221 -0.000000000000 -0.000059808219 0.000000000000 
0.000000000000 0.000000000000 0.001481271349 -0.000000000000 0.000178481452 -0.000000000000 
0.000000000000 0.000000000000 0.001364462776 -0.000000000000 0.000405556464 -0.000000000000 
0.000000000000 0.000000000000 0.001161920023 -0.000000000000 0.000607148861 0.000000000000 
0.000000000000 0.000000000000 0.000886369497 -0.000000000000 0.000770591898 0.000000000000 
0.000000000000 0.000000000000 0.000555125123 -0.000000000000 0.000885615824 0.000000000000 
0.000000000000 0.000000000000 0.000189000246 0.000000000000 0.000944993168 0.000000000000 
0.000000000000 0.000000000000 -0.000189000246 0.000000000000 0.000944993168 0.000000000000 
0.000000000000 0.000000000000 -0.000555125123 0.000000000000 0.000885615824 0.000000000000 
0.000000000000 0.000000000000 -0.000886369497 0.000000000000 0.000770591898 -0.000000000000 
0.000000000000 0.000000000000 -0.001161920023 0.000000000000 0.000607148861 -0.000000000000 
0.000000000000 0.000000000000 -0.001364462776 0.000000000000 0.000405556464 0.000000000000 
0.000000000000 0.000000000000 -0.001481271349 0.000000000000 0.000178481452 -0.000000000000 
0.000000000000 0.000000000000 -0.001505006221 0.000000000000 -0.000059808219 0.000000000000 
0.000000000000 0.000000000000 -0.001434175996 -0.000000000000 -0.000294339901 -0.000000000000 
0.000000000000 0.000000000000 -0.001273231232 -0.000000000000 -0.000510377169 0.000000000000 
0.000000000000 0.000000000000 -0.001032284577 -0.000000000000 -0.000694345508 0.000000000000 
0.000000000000 0.000000000000 -0.000726475788 -0.000000000000 -0.000834685576 0.000000000000 
0.000000000000 0.000000000000 -0.000375019852 -0.000000000000 -0.000922579318 0.000000000000 
0.000000000000 0.000000000000 -0.000000000000 -0.000000000000 -0.000952503993 -0.000000000000 
0.000000000000 0.000000000000 0.000375019852 -0.000000000000 -0.000922579318 -0.000000000000 
0.000000000000 0.000000000000 0.000726475788 -0.000000000000 -0.000834685576 -0.000000000000 
0.000000000000 0.000000000000 0.001032284577 -0.000000000000 -0.000694345508 -0.000000000000 
0.000000000000 0.000000000000 0.001273231232 -0.000000000000 -0.000510377169 0.000000000000 
0.000000000000 0.000000000000 0.001434175996 0.000000000000 -0.000294339901 0.000000000000 
0.000000000000 0.000000000000 0.001505006221 0.000000000000 -0.000059808219 -0.000000000000 
0.000000000000 0.000000000000 0.001481271349 0.000000000000 0.000178481452 0.000000000000 
0.000000000000 0.000000000000 0.001364462776 0.000000000000 0.000405556464 0.000000000000 
0.000000000000 0.000000000000 0.001161920023 0.000000000000 0.000607148861 -0.000000000000 
0.000000000000 0.000000000000 0.000886369497 0.000000000000 0.000770591898 -0.000000000000 
0.000000000000 0.000000000000 0.000555125123 0.000000000000 0.000885615824 0.000000000000 
0.000000000000 0.000000000000 0.000189000246 0.000000000000 0.000944993168 0.000000000000 
0.000000000000 0.000000000000 -0.000189000246 0.000000000000 0.000944993168 0.000000000000 
0.000000000000 0.000000000000 -0.000555125123 0.000000000000 0.000885615824 -0.000000000000 
0.000000000000 0.000000000000 -0.000886369497 -0.000000000000 0.000770591898 0.000000000000 
0.000000000000 0.000000000000 -0.001161920023 -0.000000000000 0.000607148861 -0.000000000000 
0.000000000000 0.000000000000 -0.001364462776 -0.000000000000 0.000405556464 -0.000000000000 
0.000000000000 0.000000000000 -0.001481271349 -0.000000000000 0.000178481452 0.000000000000 
0.000000000000 0.000000000000 -0.001505006221 -0.000000000000 -0.000059808219 0.000000000000 
0.000000000000 0.000000000000 -0.001434175996 -0.000000000000 -0.000294339901 -0.000000000000 
0.000000000000 0.000000000000 -0.001273231232 -0.000000000000 -0.000510377169 -0.000000000000 
0.000000000000 0.000000000000 -0.001032284577 -0.000000000000 -0.000694345508 -0.000000000000 
0.000000000000 0.000000000000 -0.000726475788 -0.000000000000 -0.000834685576 -0.000000000000 
0.000000000000 0.000000000000 -0.000375019852 0.000000000000 -0.000922579318 0.000000000000 
0.000000000000 0.000000000000 -0.000000000001 -0.000000000000 -0.000952503993 -0.000000000000 
0.000000000000 0.000000000000 0.000375019852 0.000000000000 -0.000922579318 0.000000000000 
0.000000000000 0.000000000000 0.000726475788 0.000000000000 -0.000834685576 0.000000000000 
0.000000000000 0.000000000000 0.001032284577 0.000000000000 -0.000694345508 0.000000000000 
0.000000000000 0.000000000000 0.001273231232 0.000000000000 -0.000510377169 0.000000000000 
0.000000000000 0.000000000000 0.001434175996 0.000000000000 -0.000294339901 0.000000000000 
0.000000000000 0.000000000000 0.001505006221 0.000000000000 -0.000059808219 0.000000000000 
0.000000000000 0.000000000000 0.001481271349 0.000000000000 0.000178481452 0.000000000000 
0.000000000000 0.000000000000 0.001364462776 0.000000000000 0.000405556464 0.000000000000 
0.000000000000 0.000000000000 0.001161920023 0.000000000000 0.000607148861 0.000000000000 
0.000000000000 0.000000000000 0.000886369497 0.000000000000 0.000770591898 -0.000000000000 
0.000000000000 0.000000000000 0.000555125123 0.000000000000 0.000885615824 -0.000000000000 
0.000000000000 0.000000000000 0.000189000246 -0.000000000000 0.000944993168 -0.000000000000 
0.000000000000 0.000000000000 -0.000189000246 -0.000000000000 0.000944993168 0.000000000000 
0.000000000000 0.000000000000 -0.000555125123 -0.000000000000 0.000885615824 -0.000000000000 
0.000000000000 0.000000000000 -0.000886369497 -0.000000000000 0.000770591898 -0.000000000000 
0.000000000000 0.000000000000 -0.001161920023 0.000000000000 0.000607148861 -0.000000000000 
0.000000000000 0.000000000000 -0.001364462776 -0.000000000000 0.000405556464 0.000000000000 
0.000000000000 0.000000000000 -0.001481271349 -0.000000000000 0.000178481452 -0.000000000000 
0.000000000000 0.000000000000 -0.001505006221 -0.000000000000 -0.000059808219 0.000000000000 
0.000000000000 0.000000000000 -0.001434175996 -0.000000000000 -0.000294339901 0.000000000000 
0.000000000000 0.000000000000 -0.001273231232 0.000000000000 -0.000510377169 -0.000000000000 
0.000000000000 0.000000000000 -0.001032284577 0.000000000000 -0.000694345508 -0.000000000000 
0.000000000000 0.000000000000 -0.000726475788 0.000000000000 -0.000834685576 0.000000000000 
0.000000000000 0.000000000000 -0.000375019852 -0.000000000000 -0.000922579318 0.000000000000 
0.000000000000 0.000000000000 0.000000000000 0.000000000000 -0.000952503993 0.000000000000 
0.000000000000 0.000000000000 0.000000000000 0.000000000000 0.001050598454 0.000000000000 
0.000000000000 0.000000000000 -0.000411900546 -0.000000000000 0.001008883002 0.000000000000 
0.000000000000 0.000000000000 -0.000791091006 -0.000000000000 0.000887049595 0.000000000000 
0.000000000000 0.000000000000 -0.001107458840 -0.000000000000 0.000694773218 0.000000000000 
0.000000000000 0.000000000000 -0.001335880370 -0.000000000000 0.000447323051 0.000000000000 
0.000000000000 0.000000000000 -0.001458216226 -0.000000000000 0.000164349796 0.000000000000 
0.000000000000 0.000000000000 -0.001464751316 -0.000000000000 -0.000131674897 0.000000000000 
0.000000000000 0.000000000000 -0.001354966545 -0.000000000000 -0.000417242933 0.000000000000 
0.000000000000 0.000000000000 -0.001137580373 -0.000000000000 -0.000669676636 -0.000000000000 
0.000000000000 0.000000000000 -0.000829856028 -0.000000000000 -0.000868929550 0.000000000000 
0.000000000000 0.000000000000 -0.000456230569 0.000000000000 -0.000999178505 -0.000000000000 
0.000000000000 0.000000000000 -0.000046374629 0.000000000000 -0.001050080056 0.000000000000 
0.000000000000 0.000000000000 0.000367164030 0.000000000000 -0.001017591916 -0.000000000000 
0.000000000000 0.000000000000 0.000751545245 0.000000000000 -0.000904294197 0.000000000000 
0.000000000000 0.000000000000 0.001076244283 0.000000000000 -0.000719184114 -0.000000000000 
0.000000000000 0.000000000000 0.001315475907 0.000000000000 -0.000476961693 -0.000000000000 
0.000000000000 0.000000000000 0.001450242125 0.000000000000 -0.000196862515 -0.000000000000 
0.000000000000 0.000000000000 0.001469840761 0.000000000000 0.000098870041 -0.000000000000 
0.000000000000 0.000000000000 0.001372715575 -0.000000000000 0.000386751082 0.000000000000 
0.000000000000 0.000000000000 0.001166579430 -0.000000000000 0.000643919164 0.000000000000 
0.000000000000 0.000000000000 0.000867802068 -0.000000000000 0.000849951990 -0.000000000000 
0.000000000000 0.000000000000 0.000500110327 -0.000000000000 0.000988487853 -0.000000000000 
0.000000000000 0.000000000000 0.000092703493 0.000000000000 0.001048525330 0.000000000000 
0.000000000000 0.000000000000 -0.000322065171 0.000000000000 0.001025296631 -0.000000000000 
0.000000000000 0.000000000000 -0.000711257802 0.000000000000 0.000920646416 0.000000000000 
0.000000000000 0.000000000000 -0.001043967553 0.000000000000 0.000742885284 -0.000000000000 
0.000000000000 0.000000000000 -0.001293773181 0.000000000000 0.000506129640 -0.000000000000 
0.000000000000 0.000000000000 -0.001440836815 0.000000000000 0.000229180936 -0.000000000000 
0.000000000000 0.000000000000 -0.001473479788 0.000000000000 -0.000065967623 0.000000000000 
0.000000000000 0.000000000000 -0.001389109879 0.000000000000 -0.000355877506 -0.000000000000 
0.000000000000 0.000000000000 -0.001194427139 0.000000000000 -0.000617526239 0.000000000000 
0.000000000000 0.000000000000 -0.000904891756 -0.000000000000 -0.000830135599 -0.000000000000 
0.000000000000 0.000000000000 -0.000543496571 -0.000000000000 -0.000976821641 0.000000000000 
0.000000000000 0.000000000000 -0.000138940857 -0.000000000000 -0.001045935787 -0.000000000000 
0.000000000000 0.000000000000 0.000276648469 -0.000000000000 -0.001031989465 0.000000000000 
0.000000000000 0.000000000000 0.000670268433 -0.000000000000 -0.000936090015 -0.000000000000 
0.000000000000 0.000000000000 0.001010660664 -0.000000000000 -0.000765853270 -0.000000000000 
0.000000000000 0.000000000000 0.001270793611 -0.000000000000 -0.000534798077 0.000000000000 
0.000000000000 0.000000000000 0.001430009492 -0.000000000000 -0.000261273206 -0.000000000000 
0.000000000000 0.000000000000 0.001475664554 -0.000000000000 0.000033000095 0.000000000000 
0.000000000000 0.000000000000 0.001404133276 -0.000000000000 0.000324652763 0.000000000000 
0.000000000000 0.000000000000 0.001221096027 -0.000000000000 0.000590523880 0.000000000000 
0.000000000000 0.000000000000 0.000941088365 0.000000000000 0.000809499994 -0.000000000000 
0.000000000000 0.000000000000 0.000586346432 0.000000000000 0.000964191568 -0.000000000000 
0.000000000000 0.000000000000 0.000185041121 0.000000000000 0.001042314107 0.000000000000 
0.000000000000 0.000000000000 -0.000230958758 0.000000000000 0.001037663780 -0.000000000000 
0.000000000000 0.000000000000 -0.000628617592 0.000000000000 0.000950609858 -0.000000000000 
0.000000000000 0.000000000000 -0.000976356270 0.000000000000 0.000788065488 -0.000000000000 
0.000000000000 0.000000000000 -0.001246559899 0.000000000000 0.000562938803 -0.000000000000 
0.000000000000 0.000000000000 -0.001417770982 0.000000000000 0.000293107616 -0.000000000000 
0.000000000000 0.000000000000 -0.001476393081 0.000000000000 0.000000000000 -0.000000000000 
0.000000000000 0.000000000000 -0.001417770982 0.000000000000 -0.000293107616 -0.000000000000 
0.000000000000 0.000000000000 -0.001246559899 0.000000000000 -0.000562938803 -0.000000000000 
0.000000000000 0.000000000000 -0.000976356270 -0.000000000000 -0.000788065488 -0.000000000000 
0.000000000000 0.000000000000 -0.000628617592 -0.000000000000 -0.000950609858 -0.000000000000 
0.000000000000 0.000000000000 -0.000230958758 -0.000000000000 -0.001037663780 0.000000000000 
0.000000000000 0.000000000000 0.000185041121 -0.000000000000 -0.001042314107 -0.000000000000 
0.000000000000 0.000000000000 0.000586346374 -0.000000000000 -0.000964191568 -0.000000000000 
0.000000000000 0.000000000000 0.000941088365 -0.000000000000 -0.000809499994 -0.000000000000 
0.000000000000 0.000000000000 0.001221096027 -0.000000000000 -0.000590523880 0.000000000000 
0.000000000000 0.000000000000 0.001404133276 -0.000000000000 -0.000324652763 -0.000000000000 
0.000000000000 0.000000000000 0.001475664554 -0.000000000000 -0.000033000095 -0.000000000000 
0.000000000000 0.000000000000 0.001430009492 -0.000000000000 0.000261273206 -0.000000000000 
0.000000000000 0.000000000000 0.001270793611 0.000000000000 0.000534798077 0.000000000000 
0.000000000000 0.000000000000 0.001010660664 0.000000000000 0.000765853270 -0.000000000000 
0.000000000000 0.000000000000 0.000670268433 0.000000000000 0.000936090015 0.000000000000 
0.000000000000 0.000000000000 0.000276648469 0.000000000000 0.001031989465 -0.000000000000 
0.000000000000 0.000000000000 -0.000138940857 0.000000000000 0.001045935787 0.000000000000 
0.000000000000 0.000000000000 -0.000543496571 0.000000000000 0.000976821641 -0.000000000000 
0.000000000000 0.000000000000 -0.000904891756 0.000000000000 0.000830135599 0.000000000000 
0.000000000000 0.000000000000 -0.001194427139 0.000000000000 0.000617526239 0.000000000000 
0.000000000000 0.000000000000 -0.001389109879 0.000000000000 0.000355877535 0.000000000000 
0.000000000000 0.000000000000 -0.001473479788 -0.000000000000 0.000065967623 -0.000000000000 
0.000000000000 0.000000000000 -0.001440836815 -0.000000000000 -0.000229180936 0.000000000000 
0.000000000000 0.000000000000 -0.001293773181 -0.000000000000 -0.000506129640 -0.000000000000 
0.000000000000 0.000000000000 -0.001043967553 -0.000000000000 -0.000742885284 0.000000000000 
0.000000000000 0.000000000000 -0.000711257802 -0.000000000000 -0.000920646416 0.000000000000 
0.000000000000 0.000000000000 -0.000322065171 0.000000000000 -0.001025296631 0.000000000000 
0.000000000000 0.000000000000 0.000092703493 0.000000000000 -0.001048525330 -0.000000000000 
0.000000000000 0.000000000000 0.000500110327 0.000000000000 -0.000988487853 0.000000000000 
0.000000000000 0.000000000000 0.000867802068 0.000000000000 -0.000849951990 -0.000000000000 
0.000000000000 0.000000000000 0.001166579430 0.000000000000 -0.000643919164 0.000000000000 
0.000000000000 0.000000000000 0.001372715575 0.000000000000 -0.000386751082 0.000000000000 
0.000000000000 0.000000000000 0.001469840761 0.000000000000 -0.000098870049 -0.000000000000 
0.000000000000 0.000000000000 0.001450242125 -0.000000000000 0.000196862515 -0.000000000000 
0.000000000000 0.000000000000 0.001315475907 -0.000000000000 0.000476961693 -0.000000000000 
0.000000000000 0.000000000000 0.001076244283 -0.000000000000 0.000719184114 -0.000000000000 
0.000000000000 0.000000000000 0.000751545245 -0.000000000000 0.000904294197 -0.000000000000 
0.000000000000 0.000000000000 0.000367164030 -0.000000000000 0.001017591916 -0.000000000000 
0.000000000000 0.000000000000 -0.000046374629 -0.000000000000 0.001050080056 0.000000000000 
0.000000000000 0.000000000000 -0.000456230569 -0.000000000000 0.000999178505 0.000000000000 
0.000000000000 0.000000000000 -0.000829856028 -0.000000000000 0.000868929550 -0.000000000000 
0.000000000000 0.000000000000 -0.001137580373 -0.000000000000 0.000669676636 0.000000000000 
0.000000000000 0.000000000000 -0.001354966545 0.000000000000 0.000417242933 -0.000000000000 
0.000000000000 0.000000000000 -0.001464751316 0.000000000000 0.000131674897 0.000000000000 
0.000000000000 0.000000000000 -0.001458216226 0.000000000000 -0.000164349796 -0.000000000000 
0.000000000000 0.000000000000 -0.001335880370 0.000000000000 -0.000447323051 0.000000000000 
0.000000000000 0.000000000000 -0.001107458840 0.000000000000 -0.000694773218 -0.000000000000 
0.000000000000 0.000000000000 -0.000791091006 0.000000000000 -0.000887049595 0.000000000000 
0.000000000000 0.000000000000 -0.000411900546 0.000000000000 -0.001008883002 -0.000000000000 
0.000000000000 0.000000000000 0.000000000000 0.000000000000 -0.001050598454 0.000000000000 
0.000000000000 0.000000000000 0.000000000000 0.000000000000 -0.000000000000 0.000000000000 
0.000000000000 0.000000000000 0.000000000000 -0.000002359229 -0.000000000000 -0.000000000000 
0.000000000000 0.000000000000 0.000000000000 -0.000004716129 0.000000000000 0.000000000000 
0.000000000000 0.000000000000 0.000000000000 -0.000007068375 0.000000000000 -0.000000000000 
0.000000000000 0.000000000000 -0.000000000000 -0.000009413646 0.000000000000 0.000000000000 
0.000000000000 0.000000000000 -0.000000000000 -0.000011749627 0.000000000000 -0.000000000000 
0.000000000000 0.000000000000 -0.000000000000 -0.000014074011 -0.000000000000 0.000000000000 
0.000000000000 0.000000000000 -0.000000000000 -0.000016384507 -0.000000000000 0.000000000000 
0.000000000000 0.000000000000 0.000000000000 -0.000018678833 -0.000000000000 -0.000000000000 
0.000000000000 0.000000000000 0.000000000000 -0.000020954725 -0.000000000000 0.000000000000 
0.000000000000 0.000000000000 0.000000000000 -0.000023209937 -0.000000000000 -0.000000000000 
0.000000000000 0.000000000000 0.000000000000 -0.000025442245 0.000000000000 0.000000000000 
0.000000000000 0.000000000000 -0.000000000000 -0.000027649443 0.000000000000 -0.000000000000 
0.000000000000 0.000000000000 -0.000000000000 -0.000029829354 0.000000000000 0.000000000000 
0.000000000000 0.000000000000 -0.000000000000 -0.000031979831 0.000000000000 0.000000000000 
0.000000000000 0.000000000000 -0.000000000000 -0.000034098743 -0.000000000000 -0.000000000000 
0.000000000000 0.000000000000 0.000000000000 -0.000036184007 -0.000000000000 -0.000000000000 
0.000000000000 0.000000000000 0.000000000000 -0.000038233560 -0.000000000000 0.000000000000 
0.000000000000 0.000000000000 0.000000000000 -0.000040245381 0.000000000000 -0.000000000000 
0.000000000000 0.000000000000 0.000000000000 -0.000042217485 0.000000000000 0.000000000000 
0.000000000000 0.000000000000 -0.000000000000 -0.000044147924 0.000000000000 0.000000000000 
0.000000000000 0.000000000000 -0.000000000000 -0.000046034795 0.000000000000 -0.000000000000 
0.000000000000 0.000000000000 -0.000000000000 -0.000047876238 -0.000000000000 0.000000000000 
0.000000000000 0.000000000000 -0.000000000000 -0.000049670431 -0.000000000000 -0.000000000000 
0.000000000000 0.000000000000 0.000000000000 -0.000051415605 -0.000000000000 -0.000000000000 
0.000000000000 0.000000000000 0.000000000000 -0.000053110038 -0.000000000000 0.000000000000 
0.000000000000 0.000000000000 0.000000000000 -0.000054752058 0.000000000000 -0.000000000000 
0.000000000000 0.000000000000 0.000000000000 -0.000056340043 0.000000000000 0.000000000000 
0.000000000000 0.000000000000 -0.000000000000 -0.000057872428 0.000000000000 -0.000000000000 
0.000000000000 0.000000000000 -0.000000000000 -0.000059347702 0.000000000000 -0.000000000000 
0.000000000000 0.000000000000 -0.000000000000 -0.000060764403 -0.000000000000 0.000000000000 
0.000000000000 0.000000000000 -0.000000000000 -0.000062121144 -0.000000000000 -0.000000000000 
0.000000000000 0.000000000000 0.000000000000 -0.000063416570 -0.000000000000 0.000000000000 
0.000000000000 0.000000000000 0.000000000000 -0.000064649415 0.000000000000 -0.000000000000 
0.000000000000 0.000000000000 0.000000000000 -0.000065818458 0.000000000000 0.000000000000 
0.000000000000 0.000000000000 -0.000000000000 -0.000066922548 0.000000000000 -0.000000000000 
0.000000000000 0.000000000000 -0.000000000000 -0.000067960595 -0.000000000000 0.000000000000 
0.000000000000 0.000000000000 -0.000000000000 -0.000068931571 -0.000000000000 -0.000000000000 
0.000000000000 0.000000000000 0.000000000000 -0.000069834525 -0.000000000000 0.000000000000 
0.000000000000 0.000000000000 0.000000000000 -0.000070668553 -0.000000000000 -0.000000000000 
0.000000000000 0.000000000000 0.000000000000 -0.000071432842 0.000000000000 -0.000000000000 
0.000000000000 0.000000000000 -0.000000000000 -0.000072126633 0.000000000000 -0.000000000000 
0.000000000000 0.000000000000 -0.000000000000 -0.000072749252 0.000000000000 -0.000000000000 
0.000000000000 0.000000000000 -0.000000000000 -0.000073300071 -0.000000000000 0.000000000000 
0.000000000000 0.000000000000 0.000000000000 -0.000073778552 -0.000000000000 -0.000000000000 
0.000000000000 0.000000000000 0.000000000000 -0.000074184223 -0.000000000000 0.000000000000 
0.000000000000 0.000000000000 0.000000000000 -0.000074516676 0.000000000000 -0.000000000000 
0.000000000000 0.000000000000 -0.000000000000 -0.000074775598 0.000000000000 0.000000000000 
0.000000000000 0.000000000000 -0.000000000000 -0.000074960728 0.000000000000 -0.000000000000 
0.000000000000 0.000000000000 -0.000000000000 -0.000075071875 -0.000000000000 -0.000000000000 
0.000000000000 0.000000000000 0.000000000000 -0.000075108932 -0.000000000000 0.000000000000 
0.000000000000 0.000000000000 0.000000000000 -0.000075071875 -0.000000000000 -0.000000000000 
0.000000000000 0.000000000000 0.000000000000 -0.000074960728 0.000000000000 0.000000000000 
0.000000000000 0.000000000000 -0.000000000000 -0.000074775598 0.000000000000 -0.000000000000 
0.000000000000 0.000000000000 -0.000000000000 -0.000074516676 -0.000000000000 0.000000000000 
0.000000000000 0.000000000000 -0.000000000000 -0.000074184223 -0.000000000000 0.000000000000 
0.000000000000 0.000000000000 0.000000000000 -0.000073778552 -0.000000000000 0.000000000000 
0.000000000000 0.000000000000 0.000000000000 -0.000073300071 0.000000000000 -0.000000000000 
0.000000000000 0.000000000000 0.000000000000 -0.000072749252 0.000000000000 -0.000000000000 
0.000000000000 0.000000000000 -0.000000000000 -0.000072126633 0.000000000000 -0.000000000000 
0.000000000000 0.000000000000 -0.000000000000 -0.000071432842 0.000000000000 -0.000000000000 
0.000000000000 0.000000000000 -0.000000000000 -0.000070668553 -0.000000000000 0.000000000000 
0.000000000000 0.000000000000 0.000000000000 -0.000069834525 -0.000000000000 0.000000000000 
0.000000000000 0.000000000000 0.000000000000 -0.000068931571 -0.000000000000 -0.000000000000 
0.000000000000 0.000000000000 0.000000000000 -0.000067960595 0.000000000000 0.000000000000 
0.000000000000 0.000000000000 0.000000000000 -0.000066922548 0.000000000000 -0.000000000000 
0.000000000000 0.000000000000 -0.000000000000 -0.000065818458 0.000000000000 0.000000000000 
0.000000000000 0.000000000000 -0.000000000000 -0.000064649415 0.000000000000 -0.000000000000 
0.000000000000 0.000000000000 -0.000000000000 -0.000063416570 -0.000000000000 0.000000000000 
0.000000000000 0.000000000000 -0.000000000000 -0.000062121144 -0.000000000000 -0.000000000000 
0.000000000000 0.000000000000 0.000000000000 -0.000060764403 -0.000000000000 -0.000000000000 
0.000000000000 0.000000000000 0.000000000000 -0.000059347702 -0.000000000000 0.000000000000 
0.000000000000 0.000000000000 0.000000000000 -0.000057872428 0.000000000000 -0.000000000000 
0.000000000000 0.000000000000 0.000000000000 -0.000056340043 0.000000000000 0.000000000000 
0.000000000000 0.000000000000 -0.000000000000 -0.000054752058 0.000000000000 0.000000000000 
0.000000000000 0.000000000000 -0.000000000000 -0.000053110038 -0.000000000000 0.000000000000 
0.000000000000 0.000000000000 -0.000000000000 -0.000051415605 -0.000000000000 0.000000000000 
0.000000000000 0.000000000000 0.000000000000 -0.000049670431 -0.000000000000 -0.000000000000 
0.000000000000 0.000000000000 0.000000000000 -0.000047876238 -0.000000000000 0.000000000000 
0.000000000000 0.000000000000 0.000000000000 -0.000046034795 0.000000000000 0.000000000000 
0.000000000000 0.000000000000 -0.000000000000 -0.000044147924 0.000000000000 0.000000000000 
0.000000000000 0.000000000000 -0.000000000000 -0.000042217485 0.000000000000 -0.000000000000 
0.000000000000 0.000000000000 -0.000000000000 -0.000040245381 -0.000000000000 -0.000000000000 
0.000000000000 0.000000000000 -0.000000000000 -0.000038233560 -0.000000000000 -0.000000000000 
0.000000000000 0.000000000000 0.000000000000 -0.000036184007 -0.000000000000 -0.000000000000 
0.000000000000 0.000000000000 0.000000000000 -0.000034098743 0.000000000000 -0.000000000000 
0.000000000000 0.000000000000 0.000000000000 -0.000031979831 0.000000000000 -0.000000000000 
0.000000000000 0.000000000000 -0.000000000000 -0.000029829354 0.000000000000 -0.000000000000 
0.000000000000 0.000000000000 -0.000000000000 -0.000027649443 0.000000000000 -0.000000000000 
0.000000000000 0.000000000000 -0.000000000000 -0.000025442245 -0.000000000000 0.000000000000 
0.000000000000 0.000000000000 -0.000000000000 -0.000023209937 -0.000000000000 -0.000000000000 
0.000000000000 0.000000000000 0.000000000000 -0.000020954725 -0.000000000000 0.000000000000 
0.000000000000 0.000000000000 0.000000000000 -0.000018678833 -0.000000000000 -0.000000000000 
0.000000000000 0.000000000000 0.000000000000 -0.000016384507 0.000000000000 0.000000000000 
0.000000000000 0.000000000000 0.000000000000 -0.000014074011 0.000000000000 0.000000000000 
0.000000000000 0.000000000000 -0.000000000000 -0.000011749627 0.000000000000 -0.000000000000 
0.000000000000 0.000000000000 -0.000000000000 -0.000009413646 -0.000000000000 0.000000000000 
0.000000000000 0.000000000000 -0.000000000000 -0.000007068375 -0.000000000000 -0.000000000000 
0.000000000000 0.000000000000 -0.000000000000 -0.000004716129 -0.000000000000 0.000000000000 
0.000000000000 0.000000000000 -0.000000000000 -0.000002359229 -0.000000000000 0.000000000000 
0.000000000000 0.000000000000 0.000000000000 0.000000000000 0.000000000000 0.000000000000 
