0	0
0.02	9.0827E-06
0.04	5.51941E-05
0.06	0.000143633
0.08	0.000271338
0.1	0.000437093
0.12	0.000642658
0.14	0.000888541
0.16	0.0011685
0.18	0.00147455
0.2	0.0017967
0.22	0.00213134
0.24	0.00248744
0.26	0.00287753
0.28	0.00330792
0.3	0.00376963
0.32	0.00424665
0.34	0.00471221
0.36	0.00513807
0.38	0.00550301
0.4	0.00581362
0.42	0.00609805
0.44	0.0063821
0.46	0.00666171
0.48	0.00688715
0.5	0.00700246
0.52	0.00697348
0.54	0.00685021
0.56	0.0066837
0.58	0.00650871
0.6	0.0063544
0.62	0.0062348
0.64	0.00615221
0.66	0.00608595
0.68	0.00600379
0.7	0.00590969
0.72	0.00580095
0.74	0.00566756
0.76	0.00547328
0.78	0.0051818
0.8	0.00476022
0.82	0.00419369
0.84	0.0034836
0.86	0.00260821
0.88	0.00153193
0.9	0.000248346
0.92	-0.00120952
0.94	-0.00279187
0.96	-0.00444108
0.98	-0.00612436
1	-0.00785813
1.02	-0.00967149
1.04	-0.011598
1.06	-0.0136559
1.08	-0.0158291
1.1	-0.0180474
1.12	-0.0202304
1.14	-0.0222827
1.16	-0.0241407
1.18	-0.0256553
1.2	-0.0266125
1.22	-0.0268956
1.24	-0.0265442
1.26	-0.0256577
1.28	-0.0243894
1.3	-0.0228833
1.32	-0.0212386
1.34	-0.0195004
1.36	-0.0176998
1.38	-0.0158992
1.4	-0.0142168
1.42	-0.0127931
1.44	-0.0117538
1.46	-0.0110861
1.48	-0.01068
1.5	-0.0104489
1.52	-0.0104006
1.54	-0.0106024
1.56	-0.0111067
1.58	-0.0119566
1.6	-0.0131584
1.62	-0.0146438
1.64	-0.0159981
1.66	-0.0165719
1.68	-0.0160186
1.7	-0.0142732
1.72	-0.0113882
1.74	-0.00756092
1.76	-0.00301442
1.78	0.00209995
1.8	0.00772224
1.82	0.0138481
1.84	0.0204015
1.86	0.0272119
1.88	0.0340568
1.9	0.04072
1.92	0.0470236
1.94	0.052816
1.96	0.0579261
1.98	0.0620944
2	0.0650038
2.02	0.0663334
2.04	0.0658534
2.06	0.0634275
2.08	0.0590051
2.1	0.052557
2.12	0.0440768
2.14	0.0336337
2.16	0.021586
2.18	0.00861142
2.2	-0.00392417
2.22	-0.0152388
2.24	-0.0252928
2.26	-0.0341964
2.28	-0.0423524
2.3	-0.0500625
2.32	-0.057452
2.34	-0.0644058
2.36	-0.0707854
2.38	-0.0765336
2.4	-0.0816928
2.42	-0.0862838
2.44	-0.0896594
2.46	-0.0907129
2.48	-0.0892991
2.5	-0.0855462
2.52	-0.0800788
2.54	-0.073681
2.56	-0.0669617
2.58	-0.0597195
2.6	-0.0513363
2.62	-0.0415613
2.64	-0.0303894
2.66	-0.0181313
2.68	-0.00517321
2.7	0.00829299
2.72	0.0222504
2.74	0.0366567
2.76	0.051168
2.78	0.0651165
2.8	0.0777993
2.82	0.0888852
2.84	0.0984841
2.86	0.106929
2.88	0.114377
2.9	0.120651
2.92	0.125427
2.94	0.128488
2.96	0.129898
2.98	0.129872
3	0.128525
3.02	0.125701
3.04	0.12125
3.06	0.114984
3.08	0.106839
3.1	0.0970459
3.12	0.0858122
3.14	0.0731696
3.16	0.0589904
3.18	0.0432328
3.2	0.026249
3.22	0.00893847
3.24	-0.00804052
3.26	-0.0244798
3.28	-0.0405162
3.3	-0.0565411
3.32	-0.0727195
3.34	-0.088803
3.36	-0.103589
3.38	-0.116456
3.4	-0.127423
3.42	-0.136712
3.44	-0.144611
3.46	-0.151008
3.48	-0.155009
3.5	-0.155932
3.52	-0.153667
3.54	-0.148492
3.56	-0.140995
3.58	-0.131689
3.6	-0.120808
3.62	-0.108311
3.64	-0.0941284
3.66	-0.0785948
3.68	-0.0621984
3.7	-0.0453614
3.72	-0.0282064
3.74	-0.0106796
3.76	0.00724693
3.78	0.0253547
3.8	0.0432648
3.82	0.0605594
3.84	0.0769537
3.86	0.0922643
3.88	0.106324
3.9	0.118739
3.92	0.128955
3.94	0.136442
3.96	0.141013
3.98	0.142939
4	0.142981
4.02	0.141587
4.04	0.138692
4.06	0.134078
4.08	0.127677
4.1	0.119561
4.12	0.109872
4.14	0.0987122
4.16	0.0859586
4.18	0.0714057
4.2	0.05496
4.22	0.0368858
4.24	0.0176967
4.26	-0.00205866
4.28	-0.0220583
4.3	-0.0421676
4.32	-0.0623254
4.34	-0.0822511
4.36	-0.101271
4.38	-0.118371
4.4	-0.133407
4.42	-0.146568
4.44	-0.158063
4.46	-0.167705
4.48	-0.174949
4.5	-0.179046
4.52	-0.179615
4.54	-0.176667
4.56	-0.170606
4.58	-0.161897
4.6	-0.150884
4.62	-0.137724
4.64	-0.122673
4.66	-0.106269
4.68	-0.0891601
4.7	-0.0714865
4.72	-0.0534038
4.74	-0.0349623
4.76	-0.0161483
4.78	0.0027333
4.8	0.0210603
4.82	0.0381517
4.84	0.0536333
4.86	0.0679531
4.88	0.0821536
4.9	0.0963276
4.92	0.110026
4.94	0.122466
4.96	0.132959
4.98	0.141539
5	0.148656
5.02	0.154533
5.04	0.159163
5.06	0.162176
5.08	0.163202
5.1	0.162156
5.12	0.159342
5.14	0.155249
5.16	0.150199
5.18	0.14399
5.2	0.136188
5.22	0.126545
5.24	0.115114
5.26	0.102186
5.28	0.0879883
5.3	0.0728711
5.32	0.0570649
5.34	0.0406303
5.36	0.0240007
5.38	0.00763868
5.4	-0.00814922
5.42	-0.0234577
5.44	-0.0386009
5.46	-0.0537687
5.48	-0.0687036
5.5	-0.0828992
5.52	-0.0959284
5.54	-0.107739
5.56	-0.118519
5.58	-0.128459
5.6	-0.137457
5.62	-0.14515
5.64	-0.151135
5.66	-0.155238
5.68	-0.157425
5.7	-0.157738
5.72	-0.156177
5.74	-0.152675
5.76	-0.14716
5.78	-0.139771
5.8	-0.130808
5.82	-0.120599
5.84	-0.109293
5.86	-0.0967468
5.88	-0.0826659
5.9	-0.0669566
5.92	-0.0499097
5.94	-0.032047
5.96	-0.013869
5.98	0.00432616
6	0.0224206
6.02	0.040323
6.04	0.0577336
6.06	0.0741977
6.08	0.0892028
6.1	0.102527
6.12	0.114263
6.14	0.124636
6.16	0.133627
6.18	0.140977
6.2	0.146401
6.22	0.149756
6.24	0.151106
6.26	0.150653
6.28	0.148431
6.3	0.144247
6.32	0.137832
6.34	0.129107
6.36	0.11831
6.38	0.105866
6.4	0.0921369
6.42	0.0773313
6.44	0.061549
6.46	0.0449589
6.48	0.0279276
6.5	0.0109388
6.52	-0.00565936
6.54	-0.0218183
6.56	-0.0376382
6.58	-0.0532077
6.6	-0.0684234
6.62	-0.0829891
6.64	-0.0965482
6.66	-0.108742
6.68	-0.119419
6.7	-0.128497
6.72	-0.135784
6.74	-0.141004
6.76	-0.143925
6.78	-0.144543
6.8	-0.143101
6.82	-0.139976
6.84	-0.13548
6.86	-0.129776
6.88	-0.122807
6.9	-0.114355
6.92	-0.104348
6.94	-0.0929554
6.96	-0.0803597
6.98	-0.0666696
7	-0.0518742
7.02	-0.0359771
7.04	-0.0191594
7.06	-0.00183628
7.08	0.0154781
7.1	0.0323476
7.12	0.0484591
7.14	0.0635909
7.16	0.0775744
7.18	0.0903287
7.2	0.101812
7.22	0.111998
7.24	0.120892
7.26	0.128533
7.28	0.134833
7.3	0.139561
7.32	0.142441
7.34	0.143247
7.36	0.141869
7.38	0.138345
7.4	0.132788
7.42	0.125287
7.44	0.115873
7.46	0.104635
7.48	0.0918331
7.5	0.0778808
7.52	0.0631495
7.54	0.0479025
7.56	0.0322616
7.58	0.0162667
7.6	-2.98229E-05
7.62	-0.0165386
7.64	-0.0331211
7.66	-0.0496288
7.68	-0.0658725
7.7	-0.0816028
7.72	-0.0965309
7.74	-0.110362
7.76	-0.122791
7.78	-0.133468
7.8	-0.142217
7.82	-0.1489
7.84	-0.15342
7.86	-0.155755
7.88	-0.155898
7.9	-0.153911
7.92	-0.149904
7.94	-0.144007
7.96	-0.136311
7.98	-0.126935
8	-0.115909
8.02	-0.103127
8.04	-0.0885655
8.06	-0.0723719
8.08	-0.0548223
8.1	-0.0362221
8.12	-0.0169379
8.14	0.00264776
8.16	0.0221362
8.18	0.0411662
8.2	0.0594498
8.22	0.0767958
8.24	0.0930635
8.26	0.108132
8.28	0.121869
8.3	0.134107
8.32	0.144662
8.34	0.153377
8.36	0.160096
8.38	0.164669
8.4	0.166936
8.42	0.166758
8.44	0.164039
8.46	0.1588
8.48	0.151121
8.5	0.141186
8.52	0.129258
8.54	0.115953
8.56	0.101774
8.58	0.0870395
8.6	0.0719807
8.62	0.0566956
8.64	0.0411945
8.66	0.025447
8.68	0.00946686
8.7	-0.00666912
8.72	-0.0228197
8.74	-0.0387996
8.76	-0.0543526
8.78	-0.0691743
8.8	-0.0829756
8.82	-0.0955134
8.84	-0.10655
8.86	-0.115912
8.88	-0.123614
8.9	-0.129795
8.92	-0.134627
8.94	-0.138289
8.96	-0.140913
8.98	-0.142219
9	-0.141577
9.02	-0.138929
9.04	-0.13423
9.06	-0.127488
9.08	-0.118628
9.1	-0.107811
9.12	-0.0951954
9.14	-0.0809183
9.16	-0.0652582
9.18	-0.0486892
9.2	-0.0317663
9.22	-0.0150948
9.24	0.000910827
9.26	0.0162913
9.28	0.0311696
9.3	0.0455084
9.32	0.0593281
9.34	0.0725602
9.36	0.0851353
9.38	0.0970026
9.4	0.108125
9.42	0.118333
9.44	0.127273
9.46	0.13449
9.48	0.139568
9.5	0.142206
9.52	0.142248
9.54	0.139849
9.56	0.135659
9.58	0.1299
9.6	0.122699
9.62	0.114112
9.64	0.104135
9.66	0.0926863
9.68	0.0797758
9.7	0.0657369
9.72	0.0508097
9.74	0.0350865
9.76	0.0187571
9.78	0.00202721
9.8	-0.0148667
9.82	-0.0317082
9.84	-0.0482337
9.86	-0.064176
9.88	-0.0792796
9.9	-0.0932795
9.92	-0.105959
9.94	-0.117161
9.96	-0.126801
9.98	-0.134731
10	-0.140899
10.02	-0.145389
10.04	-0.148273
10.06	-0.149564
10.08	-0.149038
10.1	-0.14647
10.12	-0.141731
10.14	-0.134735
10.16	-0.125513
10.18	-0.114237
10.2	-0.101201
10.22	-0.0867392
10.24	-0.0712148
10.26	-0.0550384
10.28	-0.0386372
10.3	-0.0224005
10.32	-0.00657453
10.34	0.00888731
10.36	0.0241923
10.38	0.0395305
10.4	0.0548274
10.42	0.0698815
10.44	0.0845335
10.46	0.0984863
10.48	0.111327
10.5	0.122673
10.52	0.132134
10.54	0.139376
10.56	0.144177
10.58	0.146582
10.6	0.146856
10.62	0.145335
10.64	0.142305
10.66	0.137903
10.68	0.132112
10.7	0.124921
10.72	0.116387
10.74	0.106614
10.76	0.0956655
10.78	0.0834728
10.8	0.0699475
10.82	0.0550755
10.84	0.0390844
10.86	0.0224323
10.88	0.0056395
10.9	-0.0108033
10.92	-0.0265578
10.94	-0.0415534
10.96	-0.0557783
10.98	-0.0692373
11	-0.081927
11.02	-0.0938028
11.04	-0.104741
11.06	-0.114601
11.08	-0.123163
11.1	-0.130219
11.12	-0.13554
11.14	-0.138947
11.16	-0.140369
11.18	-0.139821
11.2	-0.137251
11.22	-0.132519
11.24	-0.125569
11.26	-0.116474
11.28	-0.105516
11.3	-0.0931121
11.32	-0.0796618
11.34	-0.0654421
11.36	-0.0505789
11.38	-0.0350835
11.4	-0.0189163
11.42	-0.00212573
11.44	0.0152278
11.46	0.0330391
11.48	0.0510859
11.5	0.0690772
11.52	0.0865921
11.54	0.103122
11.56	0.118154
11.58	0.131283
11.6	0.142254
11.62	0.150948
11.64	0.157295
11.66	0.161237
11.68	0.162743
11.7	0.161839
11.72	0.158626
11.74	0.153231
11.76	0.145707
11.78	0.135993
11.8	0.123944
11.82	0.109414
11.84	0.0923841
11.86	0.0730484
11.88	0.0519776
11.9	0.0298557
11.92	0.00734076
11.94	-0.0149614
11.96	-0.0366062
11.98	-0.0571621
12	-0.0762282
12.02	-0.0935168
12.04	-0.108917
12.06	-0.122418
12.08	-0.13404
12.1	-0.143798
12.12	-0.151615
12.14	-0.157353
12.16	-0.160847
12.18	-0.161918
12.2	-0.16041
12.22	-0.156227
12.24	-0.149367
12.26	-0.14003
12.28	-0.128577
12.3	-0.115353
12.32	-0.100718
12.34	-0.0850696
12.36	-0.0686543
12.38	-0.0517017
12.4	-0.0344889
12.42	-0.017239
12.44	-9.01676E-05
12.46	0.0168886
12.48	0.0336509
12.5	0.050085
12.52	0.0659612
12.54	0.0810533
12.56	0.0950599
12.58	0.107636
12.6	0.118559
12.62	0.127678
12.64	0.134875
12.66	0.1401
12.68	0.143282
12.7	0.144398
12.72	0.143506
12.74	0.140769
12.76	0.136418
12.78	0.130638
12.8	0.123473
12.82	0.114855
12.84	0.104686
12.86	0.0929038
12.88	0.0795565
12.9	0.0647656
12.92	0.0487262
12.94	0.0316909
12.96	0.0140164
12.98	-0.00395737
13	-0.0218911
13.02	-0.0394824
13.04	-0.0564906
13.06	-0.0727378
13.08	-0.0881036
13.1	-0.102533
13.12	-0.115936
13.14	-0.128206
13.16	-0.139063
13.18	-0.148264
13.2	-0.155589
13.22	-0.160813
13.24	-0.163755
13.26	-0.1643
13.28	-0.162422
13.3	-0.158149
13.32	-0.151651
13.34	-0.143121
13.36	-0.132558
13.38	-0.120088
13.4	-0.106008
13.42	-0.090667
13.44	-0.074411
13.46	-0.0573651
13.48	-0.0395041
13.5	-0.020913
13.52	-0.00185486
13.54	0.0173963
13.56	0.0365038
13.58	0.0551931
13.6	0.0732538
13.62	0.0905178
13.64	0.106788
13.66	0.121814
13.68	0.135231
13.7	0.146673
13.72	0.155906
13.74	0.162822
13.76	0.167408
13.78	0.169651
13.8	0.169378
13.82	0.166572
13.84	0.16148
13.86	0.154483
13.88	0.145987
13.9	0.136145
13.92	0.124931
13.94	0.112173
13.96	0.0977517
13.98	0.0817378
14	0.0644176
14.02	0.0461534
14.04	0.0272234
14.06	0.00801679
14.08	-0.0110926
14.1	-0.0297775
14.12	-0.0475774
14.14	-0.064188
14.16	-0.0795266
14.18	-0.0937888
14.2	-0.107251
14.22	-0.120005
14.24	-0.131968
14.26	-0.142847
14.28	-0.152263
14.3	-0.159876
14.32	-0.165399
14.34	-0.168606
14.36	-0.169304
14.38	-0.167446
14.4	-0.16314
14.42	-0.156714
14.44	-0.148482
14.46	-0.138626
14.48	-0.127209
14.5	-0.114223
14.52	-0.0997408
14.54	-0.0839446
14.56	-0.0670678
14.58	-0.0493061
14.6	-0.0307299
14.62	-0.0113049
14.64	0.00890415
14.66	0.0295206
14.68	0.0499301
14.7	0.0695313
14.72	0.0878677
14.74	0.104716
14.76	0.119968
14.78	0.133463
14.8	0.144948
14.82	0.154337
14.84	0.161757
14.86	0.167338
14.88	0.171142
14.9	0.173091
14.92	0.172876
14.94	0.170164
14.96	0.164851
14.98	0.157105
15	0.147239
15.02	0.135435
15.04	0.121703
15.06	0.105973
15.08	0.0882971
15.1	0.0690894
15.12	0.0490168
15.14	0.02873
15.16	0.00860019
15.18	-0.011293
15.2	-0.0309861
15.22	-0.0504161
15.24	-0.0693502
15.26	-0.0874736
15.28	-0.104449
15.3	-0.120071
15.32	-0.134179
15.34	-0.146572
15.36	-0.156939
15.38	-0.164945
15.4	-0.170395
15.42	-0.17325
15.44	-0.173696
15.46	-0.17196
15.48	-0.168161
15.5	-0.162359
15.52	-0.154614
15.54	-0.145098
15.56	-0.134065
15.58	-0.121761
15.6	-0.108283
15.62	-0.0935651
15.64	-0.0774501
15.66	-0.0599462
15.68	-0.0412376
15.7	-0.0216486
15.72	-0.00158728
15.74	0.018584
15.76	0.0384929
15.78	0.0577404
15.8	0.0760075
15.82	0.0930653
15.84	0.1088
15.86	0.123139
15.88	0.136023
15.9	0.147295
15.92	0.156727
15.94	0.164142
15.96	0.169467
15.98	0.172707
16	0.173907
16.02	0.172981
16.04	0.169692
16.06	0.163826
16.08	0.155305
16.1	0.144268
16.12	0.131009
16.14	0.115888
16.16	0.0992726
16.18	0.0815522
16.2	0.0631699
16.22	0.0444129
16.24	0.0255026
16.26	0.00653973
16.28	-0.0125127
16.3	-0.0317309
16.32	-0.0509947
16.34	-0.0699732
16.36	-0.0882848
16.38	-0.105511
16.4	-0.121317
16.42	-0.135481
16.44	-0.147809
16.46	-0.158056
16.48	-0.16593
16.5	-0.171218
16.52	-0.173894
16.54	-0.174147
16.56	-0.172261
16.58	-0.168427
16.6	-0.162691
16.62	-0.154931
16.64	-0.145067
16.66	-0.133143
16.68	-0.119269
16.7	-0.103607
16.72	-0.0862892
16.74	-0.0674716
16.76	-0.0474252
16.78	-0.0265885
16.8	-0.00544688
16.82	0.0155823
16.84	0.0361393
16.86	0.0559227
16.88	0.0746398
16.9	0.0919571
16.92	0.10758
16.94	0.121356
16.96	0.133281
16.98	0.143474
17	0.152039
17.02	0.158923
17.04	0.163924
17.06	0.166748
17.08	0.167161
17.1	0.16507
17.12	0.160487
17.14	0.153489
17.16	0.144237
17.18	0.132956
17.2	0.119989
17.22	0.105783
17.24	0.0907732
17.26	0.0752104
17.28	0.059168
17.3	0.0426009
17.32	0.0254722
17.34	0.00786738
17.36	-0.00994969
17.38	-0.0276681
17.4	-0.0450162
17.42	-0.0617968
17.44	-0.0777812
17.46	-0.092642
17.48	-0.105956
17.5	-0.117348
17.52	-0.126608
17.54	-0.133711
17.56	-0.138754
17.58	-0.141848
17.6	-0.143056
17.62	-0.14243
17.64	-0.140074
17.66	-0.136255
17.68	-0.131185
17.7	-0.124955
17.72	-0.117481
17.74	-0.108599
17.76	-0.0981221
17.78	-0.0860072
17.8	-0.0724469
17.82	-0.0577427
17.84	-0.0422544
17.86	-0.0263029
17.88	-0.0101893
17.9	0.00578148
17.92	0.0212862
17.94	0.0360821
17.96	0.0500915
17.98	0.0633644
18	0.0759578
18.02	0.0878231
18.04	0.0988033
18.06	0.108663
18.08	0.11721
18.1	0.124308
18.12	0.129824
18.14	0.133552
18.16	0.135252
18.18	0.134773
18.2	0.132145
18.22	0.127583
18.24	0.121386
18.26	0.113808
18.28	0.105028
18.3	0.0951146
18.32	0.0841155
18.34	0.0721314
18.36	0.0593239
18.38	0.0458283
18.4	0.0316859
18.42	0.0168658
18.44	0.00137772
18.46	-0.0146138
18.48	-0.030767
18.5	-0.0466618
18.52	-0.061935
18.54	-0.0763474
18.56	-0.0897016
18.58	-0.101772
18.6	-0.112296
18.62	-0.121032
18.64	-0.127906
18.66	-0.13306
18.68	-0.136663
18.7	-0.138738
18.72	-0.139133
18.74	-0.137632
18.76	-0.134077
18.78	-0.128489
18.8	-0.121082
18.82	-0.112093
18.84	-0.101596
18.86	-0.0895221
18.88	-0.0759006
18.9	-0.0609439
18.92	-0.04503
18.94	-0.0285776
18.96	-0.0119429
18.98	0.00459235
19	0.0208565
19.02	0.0367126
19.04	0.0519566
19.06	0.0663634
19.08	0.0797759
19.1	0.0921508
19.12	0.103493
19.14	0.113784
19.16	0.122872
19.18	0.130464
19.2	0.136252
19.22	0.140064
19.24	0.141879
19.26	0.141732
19.28	0.139611
19.3	0.13547
19.32	0.129325
19.34	0.121316
19.36	0.11175
19.38	0.100971
19.4	0.0892075
19.42	0.0765602
19.44	0.0630549
19.46	0.0487535
19.48	0.0337681
19.5	0.0182058
19.52	0.00215359
19.54	-0.0143292
19.56	-0.0311178
19.58	-0.0478597
19.6	-0.0640192
19.62	-0.0790477
19.64	-0.0925175
19.66	-0.104203
19.68	-0.114073
19.7	-0.122178
19.72	-0.128531
19.74	-0.1331
19.76	-0.135851
19.78	-0.136837
19.8	-0.136164
19.82	-0.13388
19.84	-0.129921
19.86	-0.124157
19.88	-0.116471
19.9	-0.106866
19.92	-0.0954802
19.94	-0.0825544
19.96	-0.0683423
19.98	-0.0531224
20	-0.0372453
20.02	-0.0211453
20.04	-0.00531775
20.06	0.00984392
20.08	0.0241286
20.1	0.0375418
20.12	0.0502237
20.14	0.0622922
20.16	0.0737628
20.18	0.0845615
20.2	0.0945698
20.22	0.103664
20.24	0.111717
20.26	0.118508
20.28	0.12373
20.3	0.127037
20.32	0.128171
20.34	0.127065
20.36	0.123864
20.38	0.118811
20.4	0.112194
20.42	0.104249
20.44	0.0951735
20.46	0.0851859
20.48	0.0745121
20.5	0.0632725
20.52	0.0513709
20.54	0.0386149
20.56	0.0248298
20.58	0.010007
20.6	-0.00562258
20.62	-0.0216146
20.64	-0.0374685
20.66	-0.0527233
20.68	-0.0669848
20.7	-0.0798938
20.72	-0.0911233
20.74	-0.100429
20.76	-0.107717
20.78	-0.113136
20.8	-0.116994
20.82	-0.119598
20.84	-0.121156
20.86	-0.121681
20.88	-0.121079
20.9	-0.119173
20.92	-0.115764
20.94	-0.11072
20.96	-0.10395
20.98	-0.0954083
21	-0.0851271
21.02	-0.0733155
21.04	-0.0603953
21.06	-0.0468783
21.08	-0.033219
21.1	-0.0197521
21.12	-0.00666982
21.14	0.00593135
21.16	0.0180577
21.18	0.0297997
21.2	0.0412729
21.22	0.0525957
21.24	0.0638113
21.26	0.074806
21.28	0.0853044
21.3	0.0949296
21.32	0.103301
21.34	0.110097
21.36	0.115107
21.38	0.118232
21.4	0.119465
21.42	0.118899
21.44	0.116721
21.46	0.113192
21.48	0.10858
21.5	0.103074
21.52	0.0967257
21.54	0.0894815
21.56	0.0812338
21.58	0.0719001
21.6	0.0614759
21.62	0.0500139
21.64	0.0375919
21.66	0.0243527
21.68	0.0105647
21.7	-0.00336485
21.72	-0.0169383
21.74	-0.0296715
21.76	-0.0412123
21.78	-0.0514373
21.8	-0.0604212
21.82	-0.0683978
21.84	-0.0755814
21.86	-0.0821268
21.88	-0.0881522
21.9	-0.0936639
21.92	-0.0985716
21.94	-0.102688
21.96	-0.105746
21.98	-0.107428
22	-0.10746
22.02	-0.105607
22.04	-0.101781
22.06	-0.0960476
22.08	-0.0886246
22.1	-0.0798659
22.12	-0.070172
22.14	-0.0599666
22.16	-0.0496122
22.18	-0.0393172
22.2	-0.029063
22.22	-0.018705
22.24	-0.00806422
22.26	0.00297495
22.28	0.0143995
22.3	0.0260603
22.32	0.0377295
22.34	0.0491183
22.36	0.0598957
22.38	0.0697161
22.4	0.0782471
22.42	0.085239
22.44	0.090589
22.46	0.0943403
22.48	0.0966428
22.5	0.0977072
22.52	0.0977461
22.54	0.0969362
22.56	0.0954194
22.58	0.0932772
22.6	0.0904915
22.62	0.0868224
22.64	0.0819617
22.66	0.075641
22.68	0.0676909
22.7	0.058139
22.72	0.0472287
22.74	0.0353521
22.76	0.0228992
22.78	0.0102275
22.8	-0.00235121
22.82	-0.0145667
22.84	-0.0261874
22.86	-0.0370534
22.88	-0.0471103
22.9	-0.0564189
22.92	-0.0651117
22.94	-0.0732572
22.96	-0.0808058
22.98	-0.0875931
23	-0.0933652
23.02	-0.0978385
23.04	-0.100744
23.06	-0.101873
23.08	-0.101099
23.1	-0.0984279
23.12	-0.0940319
23.14	-0.0882052
23.16	-0.0812727
23.18	-0.0735508
23.2	-0.0652927
23.22	-0.0566498
23.24	-0.0476938
23.26	-0.0384431
23.28	-0.0288763
23.3	-0.0189154
23.32	-0.0084429
23.34	0.00263162
23.36	0.014308
23.38	0.0263903
23.4	0.0385042
23.42	0.0501981
23.44	0.0610322
23.46	0.0706549
23.48	0.0788486
23.5	0.0855197
23.52	0.0906559
23.54	0.094353
23.56	0.096801
23.58	0.098235
23.6	0.0988223
23.62	0.0985538
23.64	0.0973044
23.66	0.0949135
23.68	0.0912557
23.7	0.086263
23.72	0.0799415
23.74	0.0722786
23.76	0.0632854
23.78	0.0530164
23.8	0.0416263
23.82	0.0293975
23.84	0.0167616
23.86	0.00421522
23.88	-0.00785338
23.9	-0.0192046
23.92	-0.0298108
23.94	-0.0397827
23.96	-0.0492457
23.98	-0.0583324
24	-0.0670762
24.02	-0.0754002
24.04	-0.0831329
24.06	-0.0899769
24.08	-0.0955399
24.1	-0.0994225
24.12	-0.101326
24.14	-0.1012
24.16	-0.0992155
24.18	-0.0956584
24.2	-0.0908873
24.22	-0.0852649
24.24	-0.079115
24.26	-0.0725974
24.28	-0.0657104
24.3	-0.0583501
24.32	-0.0502867
24.34	-0.0412474
24.36	-0.0310507
24.38	-0.0197999
24.4	-0.00774112
24.42	0.00476011
24.44	0.0172966
24.46	0.0295075
24.48	0.0411612
24.5	0.052046
24.52	0.0619571
24.54	0.0706611
24.56	0.0779875
24.58	0.0838525
24.6	0.0882858
24.62	0.0913968
24.64	0.0932633
24.66	0.0939141
24.68	0.0933328
24.7	0.0914921
24.72	0.0883957
24.74	0.0840939
24.76	0.0786348
24.78	0.0720483
24.8	0.0643703
24.82	0.0556866
24.84	0.0461714
24.86	0.0361103
24.88	0.0258451
24.9	0.015687
24.92	0.00588928
24.94	-0.00339075
24.96	-0.0121558
24.98	-0.020503
25	-0.02856
25.02	-0.0364359
25.04	-0.0441738
25.06	-0.0517044
25.08	-0.0588863
25.1	-0.0655469
25.12	-0.0715632
25.14	-0.0768303
25.16	-0.0812058
25.18	-0.0844917
25.2	-0.086522
25.22	-0.0871783
25.24	-0.0864526
25.26	-0.084415
25.28	-0.0811733
25.3	-0.0768724
25.32	-0.0716198
25.34	-0.0654497
25.36	-0.0583202
25.38	-0.050299
25.4	-0.0415769
25.42	-0.032364
25.44	-0.0228462
25.46	-0.0131558
25.48	-0.00335398
25.5	0.00650655
25.52	0.0162758
25.54	0.0256787
25.56	0.0343966
25.58	0.0421524
25.6	0.0487464
25.62	0.0540753
25.64	0.0581108
25.66	0.0608895
25.68	0.0625305
25.7	0.0633068
25.72	0.0635531
25.74	0.0635985
25.76	0.0636014
25.78	0.0633518
25.8	0.0624922
25.82	0.0606096
25.84	0.0573879
25.86	0.052759
25.88	0.0469365
25.9	0.0402369
25.92	0.0329999
25.94	0.0255357
25.96	0.0180142
25.98	0.0105
26	0.00302527
26.02	-0.00449407
26.04	-0.012197
26.06	-0.0201888
26.08	-0.0284979
26.1	-0.03703
26.12	-0.0455984
26.14	-0.0539577
26.16	-0.0618726
26.18	-0.069072
26.2	-0.0752491
26.22	-0.0800784
26.24	-0.0832243
26.26	-0.0844731
26.28	-0.0838454
26.3	-0.0815087
26.32	-0.0777477
26.34	-0.0728472
26.36	-0.0670008
26.38	-0.0602898
26.4	-0.0527716
26.42	-0.0445358
26.44	-0.0356871
26.46	-0.0262985
26.48	-0.0164096
26.5	-0.00606018
26.52	0.00464126
26.54	0.0154878
26.56	0.0262085
26.58	0.036523
26.6	0.0461987
26.62	0.0550673
26.64	0.0630118
26.66	0.0699076
26.68	0.0756212
26.7	0.0800604
26.72	0.0832075
26.74	0.085124
26.76	0.085923
26.78	0.0856893
26.8	0.0844442
26.82	0.0821568
26.84	0.0787793
26.86	0.0742882
26.88	0.0687039
26.9	0.0620763
26.92	0.0544797
26.94	0.0459928
26.96	0.0367173
26.98	0.026848
27	0.0166334
27.02	0.00632014
27.04	-0.00389939
27.06	-0.0138743
27.08	-0.0234843
27.1	-0.0326386
27.12	-0.0412578
27.14	-0.0493228
27.16	-0.0568457
27.18	-0.0638298
27.2	-0.070194
27.22	-0.0757714
27.24	-0.0803299
27.26	-0.083631
27.28	-0.0855199
27.3	-0.0859551
27.32	-0.0849679
27.34	-0.0825998
27.36	-0.0788999
27.38	-0.0739566
27.4	-0.0679155
27.42	-0.0609516
27.44	-0.0532737
27.46	-0.0450553
27.48	-0.0363957
27.5	-0.0273351
27.52	-0.0178897
27.54	-0.00807938
27.56	0.00204742
27.58	0.012391
27.6	0.0228385
27.62	0.0332421
27.64	0.0434129
27.66	0.0531188
27.68	0.0621165
27.7	0.0701912
27.72	0.0771949
27.74	0.0830672
27.76	0.0877968
27.78	0.0913847
27.8	0.093813
27.82	0.095061
27.84	0.0951287
27.86	0.0940334
27.88	0.0917888
27.9	0.0883865
27.92	0.0838057
27.94	0.0780248
27.96	0.0710603
27.98	0.0630045
28	0.0539797
28.02	0.0441246
28.04	0.0336073
28.06	0.0226169
28.08	0.0113686
28.1	8.00418E-05
28.12	-0.0110552
28.14	-0.021903
28.16	-0.0323715
28.18	-0.0423928
28.2	-0.0518933
28.22	-0.0607624
28.24	-0.0688774
28.26	-0.0761715
28.28	-0.0825952
28.3	-0.0880987
28.32	-0.0925998
28.34	-0.0959653
28.36	-0.0979982
28.38	-0.0985264
28.4	-0.0974898
28.42	-0.094931
28.44	-0.0909792
28.46	-0.0857999
28.48	-0.0795528
28.5	-0.0723851
28.52	-0.0644275
28.54	-0.0557953
28.56	-0.0465926
28.58	-0.0368923
28.6	-0.0267228
28.62	-0.016073
28.64	-0.00494092
28.66	0.00660213
28.68	0.0184197
28.7	0.0302812
28.72	0.0418962
28.74	0.0529635
28.76	0.0631733
28.78	0.0722393
28.8	0.0799403
28.82	0.0861619
28.84	0.0909068
28.86	0.0942589
28.88	0.0963423
28.9	0.097278
28.92	0.0971265
28.94	0.0958996
28.96	0.0935816
28.98	0.090142
29	0.0855391
29.02	0.0797229
29.04	0.0726688
29.06	0.0644118
29.08	0.0550768
29.1	0.0448934
29.12	0.0341554
29.14	0.0231727
29.16	0.0122248
29.18	0.00151706
29.2	-0.00882784
29.22	-0.0187586
29.24	-0.0283031
29.26	-0.0374943
29.28	-0.0463698
29.3	-0.0549293
29.32	-0.0630938
29.34	-0.0707147
29.36	-0.0775957
29.38	-0.083544
29.4	-0.0883866
29.42	-0.0919819
29.44	-0.0941973
29.46	-0.0949413
29.48	-0.0941761
29.5	-0.0919588
29.52	-0.0884498
29.54	-0.0838578
29.56	-0.0783961
29.58	-0.0722047
29.6	-0.0653327
29.62	-0.0577711
29.64	-0.049487
29.66	-0.0404729
29.68	-0.0307623
29.7	-0.02042
29.72	-0.00953809
29.74	0.00175601
29.76	0.0132673
29.78	0.0247058
29.8	0.0357429
29.82	0.0460745
29.84	0.0554659
29.86	0.0637775
29.88	0.0709654
29.9	0.0770408
29.92	0.0820313
29.94	0.0859697
29.96	0.0888783
29.98	0.0907687
30	0.0916332
30.02	0.0914197
30.04	0.0900339
30.06	0.0873795
30.08	0.0834056
30.1	0.0781187
30.12	0.0716042
30.14	0.0640274
30.16	0.0556085
30.18	0.0465876
30.2	0.0372135
30.22	0.0276974
30.24	0.018204
30.26	0.00882585
30.28	-0.000433718
30.3	-0.00961581
30.32	-0.0187479
30.34	-0.0278111
30.36	-0.0367397
30.38	-0.0454341
30.4	-0.0537849
30.42	-0.0616683
30.44	-0.068915
30.46	-0.0753093
30.48	-0.0806243
30.5	-0.0846569
30.52	-0.087279
30.54	-0.0884651
30.56	-0.0882769
30.58	-0.0868097
30.6	-0.0841806
30.62	-0.0805026
30.64	-0.0758778
30.66	-0.0703926
30.68	-0.0640964
30.7	-0.0570038
30.72	-0.0491142
30.74	-0.0404353
30.76	-0.0310223
30.78	-0.0209946
30.8	-0.0105314
30.82	0.00014768
30.84	0.010807
30.86	0.0212062
30.88	0.0311137
30.9	0.0403103
30.92	0.0486177
30.94	0.0559431
30.96	0.062286
30.98	0.0677052
31	0.0722693
31.02	0.0759908
31.04	0.078817
31.06	0.0806543
31.08	0.0814149
31.1	0.0810566
31.12	0.0795613
31.14	0.0769316
31.16	0.0731846
31.18	0.0683742
31.2	0.0625767
31.22	0.0559023
31.24	0.0485096
31.26	0.0405577
31.28	0.0322133
31.3	0.0236387
31.32	0.0149731
31.34	0.00632967
31.36	-0.00221095
31.38	-0.0106148
31.4	-0.018886
31.42	-0.0270325
31.44	-0.0350263
31.46	-0.0427747
31.48	-0.0501284
31.5	-0.0569227
31.52	-0.0630108
31.54	-0.0682747
31.56	-0.0726094
31.58	-0.0759138
31.6	-0.0780938
31.62	-0.0790988
31.64	-0.0789645
31.66	-0.0777965
31.68	-0.0757167
31.7	-0.0728149
31.72	-0.0691202
31.74	-0.0646188
31.76	-0.0593026
31.78	-0.0531866
31.8	-0.0463052
31.82	-0.0386964
31.84	-0.030408
31.86	-0.021523
31.88	-0.0121855
31.9	-0.00260788
31.92	0.00695381
31.94	0.0162476
31.96	0.0250693
31.98	0.0332843
32	0.0408115
32.02	0.0475934
32.04	0.0535769
32.06	0.0587288
32.08	0.0630656
32.1	0.0666362
32.12	0.0694923
32.14	0.0716277
32.16	0.0729501
32.18	0.0733299
32.2	0.0726529
32.22	0.0708614
32.24	0.0679514
32.26	0.063964
32.28	0.0589692
32.3	0.0530589
32.32	0.0463587
32.34	0.03904
32.36	0.031319
32.38	0.0233919
32.4	0.015386
32.42	0.00735425
32.44	-0.000692488
32.46	-0.00874775
32.48	-0.0167861
32.5	-0.0247465
32.52	-0.0325427
32.54	-0.0400675
32.56	-0.0471865
32.58	-0.0537261
32.6	-0.0594849
32.62	-0.0642727
32.64	-0.0679591
32.66	-0.0705019
32.68	-0.0719393
32.7	-0.0723578
32.72	-0.0718588
32.74	-0.0705353
32.76	-0.0684731
32.78	-0.0657465
32.8	-0.0623979
32.82	-0.0584254
32.84	-0.053776
32.86	-0.0483701
32.88	-0.0421484
32.9	-0.0351155
32.92	-0.0273723
32.94	-0.0190963
32.96	-0.0104936
32.98	-0.00177075
33	0.00687668
33.02	0.0152618
33.04	0.0232236
33.06	0.0306422
33.08	0.0374638
33.1	0.0436972
33.12	0.0493856
33.14	0.0545561
33.16	0.0591902
33.18	0.0632227
33.2	0.0665629
33.22	0.0691166
33.24	0.0707922
33.26	0.0715001
33.28	0.0711499
33.3	0.0696693
33.32	0.0670402
33.34	0.0633195
33.36	0.0586367
33.38	0.0531647
33.4	0.0470784
33.42	0.0405315
33.44	0.0336469
33.46	0.026516
33.48	0.0191999
33.5	0.0117402
33.52	0.00416646
33.54	-0.00349895
33.56	-0.0112277
33.58	-0.0189628
33.6	-0.0265895
33.62	-0.0339452
33.64	-0.040848
33.66	-0.0471304
33.68	-0.0526509
33.7	-0.057308
33.72	-0.061043
33.74	-0.0638369
33.76	-0.065702
33.78	-0.0666907
33.8	-0.0668722
33.82	-0.0663118
33.84	-0.0650455
33.86	-0.063073
33.88	-0.0603677
33.9	-0.0568867
33.92	-0.0525836
33.94	-0.0474389
33.96	-0.0414647
33.98	-0.0347164
34	-0.0273046
34.02	-0.0193885
34.04	-0.0111518
34.06	-0.00278385
34.08	0.00554233
34.1	0.0136759
34.12	0.0215006
34.14	0.0289336
34.16	0.035926
34.18	0.0424563
34.2	0.0485202
34.22	0.0540991
34.24	0.0591377
34.26	0.0635371
34.28	0.0671625
34.3	0.0698673
34.32	0.0715223
34.34	0.0720496
34.36	0.0714164
34.38	0.0696331
34.4	0.0667534
34.42	0.0628799
34.44	0.0581615
34.46	0.0527639
34.48	0.0468449
34.5	0.0405335
34.52	0.0339216
34.54	0.0270714
34.56	0.020028
34.58	0.0128204
34.6	0.00546732
34.62	-0.00200272
34.64	-0.00954895
34.66	-0.0170999
34.68	-0.0245431
34.7	-0.0317256
34.72	-0.0384779
34.74	-0.0446481
34.76	-0.0501291
34.78	-0.0548654
34.8	-0.0588373
34.82	-0.0620403
34.84	-0.0644782
34.86	-0.0661615
34.88	-0.0671104
34.9	-0.0673324
34.92	-0.0668028
34.94	-0.0654616
34.96	-0.0632321
34.98	-0.0600439
35	-0.0558676
35.02	-0.0507245
35.04	-0.044686
35.06	-0.0378649
35.08	-0.0304009
35.1	-0.0224608
35.12	-0.0142385
35.14	-0.0059373
35.16	0.00225829
35.18	0.0102142
35.2	0.017852
35.22	0.0251357
35.24	0.0320408
35.26	0.0385281
35.28	0.0445502
35.3	0.050051
35.32	0.0549727
35.34	0.0592561
35.36	0.0628267
35.38	0.0655933
35.4	0.0674625
35.42	0.0683668
35.44	0.0682743
35.46	0.0671936
35.48	0.0651745
35.5	0.062286
35.52	0.0586155
35.54	0.0542567
35.56	0.0493098
35.58	0.0438697
35.6	0.0380044
35.62	0.0317454
35.64	0.0250985
35.66	0.0180672
35.68	0.0106845
35.7	0.00302889
35.72	-0.0047828
35.74	-0.0126228
35.76	-0.0203613
35.78	-0.0278643
35.8	-0.0349759
35.82	-0.0415306
35.84	-0.0473808
35.86	-0.0524231
35.88	-0.0566153
35.9	-0.0599734
35.92	-0.062537
35.94	-0.0643332
35.96	-0.065365
35.98	-0.0656185
36	-0.0650819
36.02	-0.063745
36.04	-0.0615951
36.06	-0.0586087
36.08	-0.0547578
36.1	-0.0500418
36.12	-0.0445134
36.14	-0.0382899
36.16	-0.0315334
36.18	-0.0244174
36.2	-0.0171004
36.22	-0.0097119
36.24	-0.00235741
36.26	0.00487259
36.28	0.0119054
36.3	0.0186891
36.32	0.0251968
36.34	0.0314105
36.36	0.0372978
36.38	0.0427967
36.4	0.0478085
36.42	0.052215
36.44	0.0558945
36.46	0.0587402
36.48	0.0606669
36.5	0.061612
36.52	0.0615468
36.54	0.0604978
36.56	0.0585433
36.58	0.0558009
36.6	0.0523986
36.62	0.0484451
36.64	0.0440113
36.66	0.0391386
36.68	0.0338557
36.7	0.0281964
36.72	0.0222038
36.74	0.0159262
36.76	0.0094189
36.78	0.00275575
36.8	-0.00395753
36.82	-0.0105778
36.84	-0.0169398
36.86	-0.0228891
36.88	-0.0283031
36.9	-0.033101
36.92	-0.0372376
36.94	-0.0406993
36.96	-0.0434969
36.98	-0.0456596
37	-0.0472258
37.02	-0.0482317
37.04	-0.0486948
37.06	-0.0486003
37.08	-0.0479069
37.1	-0.0465633
37.12	-0.0445342
37.14	-0.0418152
37.16	-0.0384379
37.18	-0.0344538
37.2	-0.0299326
37.22	-0.0249674
37.24	-0.0196746
37.26	-0.0141881
37.28	-0.00863764
37.3	-0.00312655
37.32	0.00228027
37.34	0.0075471
37.36	0.0126525
37.38	0.0175719
37.4	0.0222703
37.42	0.0267041
37.44	0.030822
37.46	0.0345628
37.48	0.0378534
37.5	0.0406019
37.52	0.0427102
37.54	0.0440993
37.56	0.0447347
37.58	0.0446281
37.6	0.0438261
37.62	0.0423905
37.64	0.0403822
37.66	0.0378643
37.68	0.0349017
37.7	0.0315568
37.72	0.0278778
37.74	0.0238857
37.76	0.019577
37.78	0.0149382
37.8	0.00997566
37.82	0.00473111
37.84	-0.000723668
37.86	-0.00629564
37.88	-0.0118818
37.9	-0.0173756
37.92	-0.0226649
37.94	-0.0276276
37.96	-0.0321483
37.98	-0.0361369
38	-0.0395458
38.02	-0.0423699
38.04	-0.0446272
38.06	-0.0463375
38.08	-0.047514
38.1	-0.0481597
38.12	-0.04827
38.14	-0.0478388
38.16	-0.0468547
38.18	-0.0452957
38.2	-0.0431205
38.22	-0.0402952
38.24	-0.0368176
38.26	-0.0327292
38.28	-0.0281121
38.3	-0.0230824
38.32	-0.0177703
38.34	-0.012295
38.36	-0.00676208
38.38	-0.00125607
38.4	0.00415767
38.42	0.00943772
38.44	0.014564
38.46	0.019523
38.48	0.0242893
38.5	0.0288108
38.52	0.0330049
38.54	0.0367702
38.56	0.0400072
38.58	0.0426294
38.6	0.0445651
38.62	0.0457606
38.64	0.0461852
38.66	0.0458513
38.68	0.0448206
38.7	0.0431864
38.72	0.0410482
38.74	0.0384925
38.76	0.0355825
38.78	0.0323612
38.8	0.0288556
38.82	0.0250784
38.84	0.0210408
38.86	0.0167525
38.88	0.012225
38.9	0.00748525
38.92	0.00259136
38.94	-0.00236001
38.96	-0.00724675
38.98	-0.0119447
39	-0.0163505
39.02	-0.0203943
39.04	-0.0240419
39.06	-0.0272787
39.08	-0.0300971
39.1	-0.032496
39.12	-0.0344874
39.14	-0.036087
39.16	-0.037302
39.18	-0.0381219
39.2	-0.038514
39.22	-0.0384328
39.24	-0.0378377
39.26	-0.0367008
39.28	-0.0350112
39.3	-0.0327772
39.32	-0.0300247
39.34	-0.0268026
39.36	-0.0231857
39.38	-0.0192751
39.4	-0.0151794
39.42	-0.0109925
39.44	-0.00677982
39.46	-0.00257855
39.48	0.00159136
39.5	0.00571456
39.52	0.0097707
39.54	0.013732
39.56	0.0175631
39.58	0.0212137
39.6	0.0246073
39.62	0.027648
39.64	0.0302473
39.66	0.0323338
39.68	0.0338646
39.7	0.0348321
39.72	0.0352569
39.74	0.0351764
39.76	0.0346366
39.78	0.033688
39.8	0.0323792
39.82	0.0307557
39.84	0.0288487
39.86	0.0266633
39.88	0.0241811
39.9	0.0213735
39.92	0.0182203
39.94	0.014731
39.96	0.0109481
39.98	0.00693497
40	0.00276806
40.02	-0.00146622
40.04	-0.00567278
40.06	-0.00975246
40.08	-0.0136135
40.1	-0.0171892
40.12	-0.0204497
40.14	-0.0233939
40.16	-0.026033
40.18	-0.0283708
40.2	-0.0303984
40.22	-0.0320981
40.24	-0.033449
40.26	-0.0344266
40.28	-0.0350007
40.3	-0.0351292
40.32	-0.0347595
40.34	-0.0338485
40.36	-0.0323798
40.38	-0.030371
40.4	-0.027871
40.42	-0.0249461
40.44	-0.0216743
40.46	-0.0181317
40.48	-0.0143899
40.5	-0.0105125
40.52	-0.00655019
40.54	-0.00253634
40.56	0.00151313
40.58	0.00558904
40.6	0.00967308
40.62	0.0137238
40.64	0.0176745
40.66	0.0214424
40.68	0.0249411
40.7	0.0280891
40.72	0.0308143
40.74	0.0330608
40.76	0.0347898
40.78	0.0359873
40.8	0.0366697
40.82	0.0368786
40.84	0.0366669
40.86	0.0360815
40.88	0.0351539
40.9	0.0338988
40.92	0.0323204
40.94	0.0304207
40.96	0.0282009
40.98	0.025662
41	0.0228086
41.02	0.0196517
41.04	0.0162208
41.06	0.0125655
41.08	0.00874731
41.1	0.00483716
41.12	0.000905023
41.14	-0.00299037
41.16	-0.00679998
41.18	-0.0104814
41.2	-0.0140041
41.22	-0.017347
41.24	-0.020498
41.26	-0.0234458
41.28	-0.0261672
41.3	-0.0286196
41.32	-0.0307421
41.34	-0.0324664
41.36	-0.0337389
41.38	-0.0345256
41.4	-0.0348064
41.42	-0.0345732
41.44	-0.0338307
41.46	-0.0325994
41.48	-0.03092
41.5	-0.0288526
41.52	-0.0264652
41.54	-0.0238206
41.56	-0.0209651
41.58	-0.0179278
41.6	-0.0147265
41.62	-0.0113751
41.64	-0.0078898
41.66	-0.00429095
41.68	-0.00060418
41.7	0.00313464
41.72	0.00687276
41.74	0.0105337
41.76	0.0140254
41.78	0.0172555
41.8	0.0201461
41.82	0.0226433
41.84	0.0247171
41.86	0.0263598
41.88	0.0275771
41.9	0.0283832
41.92	0.0288005
41.94	0.0288548
41.96	0.0285668
41.98	0.0279443
42	0.0269803
42.02	0.0256594
42.04	0.0239695
42.06	0.0219086
42.08	0.019491
42.1	0.016748
42.12	0.0137211
42.14	0.0104625
42.16	0.00703785
42.18	0.00352123
42.2	-1.36268E-05
42.22	-0.00350378
42.24	-0.00690668
42.26	-0.0101994
42.28	-0.0133702
42.3	-0.0164088
42.32	-0.019295
42.34	-0.0219869
42.36	-0.0244429
42.38	-0.0266228
42.4	-0.02848
42.42	-0.0299643
42.44	-0.0310217
42.46	-0.0316019
42.48	-0.0316694
42.5	-0.0312131
42.52	-0.0302467
42.54	-0.0288028
42.56	-0.0269272
42.58	-0.0246776
42.6	-0.0221122
42.62	-0.019288
42.64	-0.0162558
42.66	-0.0130549
42.68	-0.00970767
42.7	-0.00622534
42.72	-0.0026213
42.74	0.00107835
42.76	0.00482626
42.78	0.00855691
42.8	0.0121942
42.82	0.0156594
42.84	0.018878
42.86	0.0217835
42.88	0.0243227
42.9	0.0264637
42.92	0.0281959
42.94	0.0295313
42.96	0.0304916
42.98	0.0310998
43	0.0313716
43.02	0.0313111
43.04	0.0309151
43.06	0.0301762
43.08	0.0290835
43.1	0.0276222
43.12	0.0257726
43.14	0.023522
43.16	0.0208745
43.18	0.0178649
43.2	0.0145587
43.22	0.0110361
43.24	0.00737904
43.26	0.00365983
43.28	-6.24806E-05
43.3	-0.00373956
43.32	-0.00732872
43.34	-0.0107896
43.36	-0.0140899
43.38	-0.0172063
43.4	-0.0201249
43.42	-0.0228248
43.44	-0.0252716
43.46	-0.0274168
43.48	-0.0292057
43.5	-0.0305855
43.52	-0.0315141
43.54	-0.0319653
43.56	-0.0319284
43.58	-0.0314088
43.6	-0.0304303
43.62	-0.0290344
43.64	-0.0272741
43.66	-0.0252037
43.68	-0.0228653
43.7	-0.0202859
43.72	-0.0174787
43.74	-0.0144511
43.76	-0.0112144
43.78	-0.00778934
43.8	-0.00420562
43.82	-0.000502768
43.84	0.00326878
43.86	0.00704535
43.88	0.0107535
43.9	0.0143175
43.92	0.0176672
43.94	0.020748
43.96	0.0235223
43.98	0.025966
44	0.0280661
44.02	0.029813
44.04	0.0311972
44.06	0.0322119
44.08	0.0328499
44.1	0.0331008
44.12	0.0329502
44.14	0.0323768
44.16	0.0313594
44.18	0.0298846
44.2	0.0279523
44.22	0.0255789
44.24	0.0227984
44.26	0.0196605
44.28	0.0162268
44.3	0.0125684
44.32	0.00876017
44.34	0.00487013
44.36	0.000951661
44.38	-0.00295766
44.4	-0.00683282
44.42	-0.0106503
44.44	-0.0143828
44.46	-0.0179963
44.48	-0.02145
44.5	-0.0246978
44.52	-0.0276886
44.54	-0.0303658
44.56	-0.0326685
44.58	-0.0345386
44.6	-0.0359296
44.62	-0.0368136
44.64	-0.0371812
44.66	-0.0370399
44.68	-0.0364103
44.7	-0.0353215
44.72	-0.0338064
44.74	-0.0318998
44.76	-0.029635
44.78	-0.0270373
44.8	-0.0241216
44.82	-0.0208987
44.84	-0.0173829
44.86	-0.0135997
44.88	-0.00959214
44.9	-0.00541798
44.92	-0.00114278
44.94	0.00316336
44.96	0.00742816
44.98	0.0115775
45	0.0155392
45.02	0.0192502
45.04	0.0226636
45.06	0.0257535
45.08	0.0285108
45.1	0.0309326
45.12	0.0330137
45.14	0.0347418
45.16	0.0360989
45.18	0.0370649
45.2	0.0376149
45.22	0.0377166
45.24	0.0373385
45.26	0.0364543
45.28	0.0350563
45.3	0.0331621
45.32	0.0308128
45.34	0.0280661
45.36	0.0249842
45.38	0.0216257
45.4	0.0180438
45.42	0.0142874
45.44	0.0104026
45.46	0.00643014
45.48	0.00240214
45.5	-0.00165612
45.52	-0.00572189
45.54	-0.0097649
45.56	-0.0137394
45.58	-0.017583
45.6	-0.0212237
45.62	-0.0245916
45.64	-0.0276248
45.66	-0.0302737
45.68	-0.032503
45.7	-0.034288
45.72	-0.0356105
45.74	-0.0364669
45.76	-0.0368646
45.78	-0.0368156
45.8	-0.0363334
45.82	-0.0354274
45.84	-0.0341017
45.86	-0.0323579
45.88	-0.0301957
45.9	-0.0276191
45.92	-0.0246405
45.94	-0.0212852
45.96	-0.0175934
45.98	-0.0136229
46	-0.00944041
46.02	-0.00511346
46.04	-0.000710075
46.06	0.00370081
46.08	0.0080562
46.1	0.0122993
46.12	0.0163789
46.14	0.0202515
46.16	0.0238836
46.18	0.0272484
46.2	0.0303189
46.22	0.0330599
46.24	0.0354271
46.26	0.0373689
46.28	0.0388297
46.3	0.0397596
46.32	0.04012
46.34	0.0398845
46.36	0.039042
46.38	0.0376013
46.4	0.0356014
46.42	0.0331026
46.44	0.0301752
46.46	0.0268901
46.48	0.0233089
46.5	0.0194798
46.52	0.0154392
46.54	0.0112218
46.56	0.00686486
46.58	0.00241033
46.6	-0.00209402
46.62	-0.00659273
46.64	-0.0110204
46.66	-0.0153019
46.68	-0.0193597
46.7	-0.0231201
46.72	-0.0265214
46.74	-0.0295184
46.76	-0.0320802
46.78	-0.0341867
46.8	-0.0358278
46.82	-0.0370009
46.84	-0.0377137
46.86	-0.0379805
46.88	-0.0378154
46.9	-0.0372263
46.92	-0.0362122
46.94	-0.0347648
46.96	-0.0328798
46.98	-0.0305648
47	-0.0278431
47.02	-0.0247522
47.04	-0.0213396
47.06	-0.0176617
47.08	-0.0137831
47.1	-0.00977426
47.12	-0.00570672
47.14	-0.00164549
47.16	0.00235792
47.18	0.00626644
47.2	0.0100535
47.22	0.0136954
47.24	0.0171647
47.26	0.0204283
47.28	0.0234488
47.3	0.0261857
47.32	0.0285952
47.34	0.0306304
47.36	0.0322431
47.38	0.0333886
47.4	0.0340349
47.42	0.0341698
47.44	0.0338021
47.46	0.0329603
47.48	0.0316824
47.5	0.0300104
47.52	0.027987
47.54	0.0256534
47.56	0.0230441
47.58	0.0201845
47.6	0.0170926
47.62	0.0137834
47.64	0.0102735
47.66	0.00658925
47.68	0.00277127
47.7	-0.00112488
47.72	-0.0050342
47.74	-0.00889117
47.76	-0.0126349
47.78	-0.0162088
47.8	-0.0195636
47.82	-0.0226509
47.84	-0.0254295
47.86	-0.0278706
47.88	-0.0299539
47.9	-0.0316647
47.92	-0.0329884
47.94	-0.0339085
47.96	-0.034407
47.98	-0.0344635
48	-0.0340559
48.02	-0.0331626
48.04	-0.0317713
48.06	-0.0298836
48.08	-0.0275169
48.1	-0.0247068
48.12	-0.0215045
48.14	-0.0179729
48.16	-0.014179
48.18	-0.0101899
48.2	-0.00606938
48.22	-0.00187523
48.24	0.00234098
48.26	0.00653529
48.28	0.0106709
48.3	0.014714
48.32	0.018629
48.34	0.0223735
48.36	0.0258952
48.38	0.0291324
48.4	0.0320201
48.42	0.0344973
48.44	0.036513
48.46	0.0380294
48.48	0.0390228
48.5	0.0394846
48.52	0.0394207
48.54	0.0388502
48.56	0.0378007
48.58	0.0363013
48.6	0.0343797
48.62	0.0320589
48.64	0.0293572
48.66	0.0262913
48.68	0.0228806
48.7	0.0191497
48.72	0.0151315
48.74	0.0108707
48.76	0.00642804
48.78	0.00187607
48.8	-0.00270337
48.82	-0.0072262
48.84	-0.0116169
48.86	-0.0158124
48.88	-0.0197601
48.9	-0.0234153
48.92	-0.026741
48.94	-0.0297061
48.96	-0.032285
48.98	-0.0344564
49	-0.0362024
49.02	-0.0375051
49.04	-0.0383423
49.06	-0.0386899
49.08	-0.0385241
49.1	-0.0378263
49.12	-0.0365909
49.14	-0.0348267
49.16	-0.0325571
49.18	-0.0298221
49.2	-0.0266747
49.22	-0.023176
49.24	-0.0193897
49.26	-0.0153773
49.28	-0.0111931
49.3	-0.00688462
49.32	-0.00249548
49.34	0.00193172
49.36	0.00635363
49.38	0.0107258
49.4	0.0150005
49.42	0.0191248
49.44	0.0230373
49.46	0.0266706
49.48	0.0299553
49.5	0.0328257
49.52	0.0352284
49.54	0.0371269
49.56	0.0385027
49.58	0.0393508
49.6	0.0396728
49.62	0.0394699
49.64	0.0387464
49.66	0.0375119
49.68	0.0357841
49.7	0.0335811
49.72	0.030921
49.74	0.0278224
49.76	0.024308
49.78	0.0204105
49.8	0.0161787
49.82	0.0116779
49.84	0.00698418
49.86	0.00217979
49.88	-0.00265509
49.9	-0.0074433
49.92	-0.0121122
49.94	-0.0165961
49.96	-0.020837
49.98	-0.0247829
50	-0.0283893
50.02	-0.0316179
50.04	-0.0344324
50.06	-0.036801
50.08	-0.0386972
50.1	-0.0400958
50.12	-0.0409744
50.14	-0.0413107
50.16	-0.0410855
50.18	-0.0402872
50.2	-0.0389165
50.22	-0.0369899
50.24	-0.0345408
50.26	-0.0316162
50.28	-0.0282726
50.3	-0.0245705
50.32	-0.0205704
50.34	-0.0163314
50.36	-0.0119104
50.38	-0.00736074
50.4	-0.00273088
50.42	0.00193303
50.44	0.00658326
50.46	0.011164
50.48	0.0156109
50.5	0.0198521
50.52	0.0238129
50.54	0.0274217
50.56	0.0306166
50.58	0.0333511
50.6	0.0355896
50.62	0.0373094
50.64	0.0385009
50.66	0.0391661
50.68	0.0393098
50.7	0.0389344
50.72	0.0380433
50.74	0.036639
50.76	0.034738
50.78	0.0323751
50.8	0.0295921
50.82	0.0264361
50.84	0.0229302
50.86	0.0190792
50.88	0.0148909
50.9	0.0103894
50.92	0.00565321
50.94	0.000795672
50.96	-0.00408108
50.98	-0.00888923
51	-0.0135614
51.02	-0.0180236
51.04	-0.0221924
51.06	-0.0259841
51.08	-0.029364
51.1	-0.0323452
51.12	-0.0349531
51.14	-0.0371858
51.16	-0.0390055
51.18	-0.0403418
51.2	-0.0411039
51.22	-0.0412319
51.24	-0.0407432
51.26	-0.0397005
51.28	-0.0381687
51.3	-0.0361635
51.32	-0.0336834
51.34	-0.0307501
51.36	-0.0274262
51.38	-0.023794
51.4	-0.0199317
51.42	-0.0158893
51.44	-0.0116828
51.46	-0.00731308
51.48	-0.00279726
51.5	0.00180941
51.52	0.00642767
51.54	0.0109742
51.56	0.0153838
51.58	0.0196044
51.6	0.0235688
51.62	0.0271833
51.64	0.0303694
51.66	0.0330949
51.68	0.0353653
51.7	0.0371939
51.72	0.0385825
51.74	0.0394994
51.76	0.0398871
51.78	0.0397125
51.8	0.0389926
51.82	0.0377783
51.84	0.0361166
51.86	0.0340167
51.88	0.031457
51.9	0.0284187
51.92	0.0249316
51.94	0.0210767
51.96	0.0169562
51.98	0.0126563
52	0.00823156
52.02	0.0037238
52.04	-0.000811677
52.06	-0.00529826
52.08	-0.00965104
52.1	-0.0138147
52.12	-0.0177763
52.14	-0.0215337
52.16	-0.025053
52.18	-0.0282598
52.2	-0.0310551
52.22	-0.0333767
52.24	-0.0352185
52.26	-0.0366089
52.28	-0.0375604
52.3	-0.0380442
52.32	-0.0380049
52.34	-0.037406
52.36	-0.0362715
52.38	-0.0346682
52.4	-0.0326708
52.42	-0.0303239
52.44	-0.0276315
52.46	-0.0245882
52.48	-0.0212155
52.5	-0.0175754
52.52	-0.013745
52.54	-0.00977458
52.56	-0.00567268
52.58	-0.00143437
52.6	0.00290902
52.62	0.00727192
52.64	0.0115447
52.66	0.0156342
52.68	0.019491
52.7	0.0230916
52.72	0.0264032
52.74	0.0293597
52.76	0.0318714
52.78	0.0338702
52.8	0.0353458
52.82	0.0363307
52.84	0.0368608
52.86	0.0369326
52.88	0.0365051
52.9	0.0355357
52.92	0.0340273
52.94	0.0320325
52.96	0.0296229
52.98	0.0268442
53	0.0237053
53.02	0.0202091
53.04	0.0163964
53.06	0.0123577
53.08	0.00820832
53.1	0.00404305
53.12	-9.66772E-05
53.14	-0.00420624
53.16	-0.00827308
53.18	-0.0122473
53.2	-0.0160427
53.22	-0.01958
53.24	-0.0228155
53.26	-0.0257402
53.28	-0.0283467
53.3	-0.0305958
53.32	-0.0324169
53.34	-0.0337367
53.36	-0.0345162
53.38	-0.0347607
53.4	-0.0344941
53.42	-0.0337328
53.44	-0.032471
53.46	-0.0307077
53.48	-0.0284737
53.5	-0.0258379
53.52	-0.0228844
53.54	-0.019671
53.56	-0.0162135
53.58	-0.0125096
53.6	-0.00857433
53.62	-0.0044622
53.64	-0.000255279
53.66	0.00396823
53.68	0.00815319
53.7	0.0122608
53.72	0.0162445
53.74	0.0200302